4 0.604247 0.350515 0.050193 0.185567
4 0.432432 0.518041 0.061776 0.335052
6 0.395753 0.768041 0.081081 0.113402
6 0.714286 0.719072 0.077220 0.108247
6 0.633205 0.510309 0.054054 0.061856
6 0.942085 0.407216 0.038610 0.051546
6 0.785714 0.407216 0.027027 0.051546
6 0.702703 0.347938 0.015444 0.046392
6 0.743243 0.381443 0.019305 0.041237
6 0.913127 0.371134 0.034749 0.030928
3 0.432432 0.304124 0.131274 0.072165
3 0.586873 0.213918 0.038610 0.046392
3 0.853282 0.190722 0.061776 0.030928
1 0.550193 0.541237 0.397683 0.556701
1 0.565637 0.368557 0.196911 0.345361
5 0.571429 0.742268 0.185328 0.072165
5 0.532819 0.518041 0.115830 0.036082
5 0.872587 0.404639 0.100386 0.025773
5 0.861004 0.384021 0.069498 0.015464
