6 0.453333 0.845238 0.066667 0.095238
6 0.073333 0.830357 0.066667 0.101190
6 0.203333 0.869048 0.066667 0.107143
6 0.315000 0.791667 0.063333 0.059524
6 0.680000 0.877976 0.053333 0.125000
6 0.846667 0.880952 0.073333 0.119048
5 0.186667 0.815476 0.140000 0.047619
5 0.321667 0.854167 0.143333 0.053571
3 0.236667 0.383929 0.060000 0.065476
3 0.380000 0.389881 0.060000 0.065476
3 0.736667 0.375000 0.120000 0.059524
3 0.913333 0.389881 0.080000 0.077381
4 0.261667 0.577381 0.070000 0.261905
4 0.405000 0.592262 0.070000 0.267857
1 0.190000 0.613095 0.306667 0.523810
1 0.325000 0.636905 0.316667 0.559524
