6 0.124444 0.437778 0.044444 0.057778
6 0.213333 0.502222 0.062222 0.071111
6 0.297778 0.546667 0.071111 0.071111
6 0.428889 0.620000 0.084444 0.084444
6 0.586667 0.557778 0.062222 0.066667
6 0.462222 0.491111 0.062222 0.057778
6 0.320000 0.442222 0.044444 0.048889
6 0.182222 0.393333 0.044444 0.040000
6 0.333333 0.397778 0.044444 0.031111
5 0.600000 0.628889 0.213333 0.057778
5 0.433333 0.551111 0.173333 0.035556
5 0.322222 0.488889 0.137778 0.026667
5 0.211111 0.437778 0.102222 0.022222
5 0.253333 0.391111 0.071111 0.017778
3 0.706667 0.253333 0.168889 0.088889
3 0.517778 0.235556 0.146667 0.053333
