6 0.359073 0.682990 0.061776 0.118557
6 0.249035 0.876289 0.088803 0.175258
6 0.111969 0.667526 0.030888 0.097938
6 0.225869 0.577320 0.034749 0.092784
6 0.862934 0.556701 0.034749 0.051546
3 0.102317 0.211340 0.189189 0.072165
3 0.262548 0.226804 0.146718 0.061856
4 0.138996 0.451031 0.038610 0.345361
4 0.254826 0.386598 0.030888 0.226804
4 0.872587 0.432990 0.023166 0.134021
4 0.720077 0.368557 0.011583 0.067010
1 0.150579 0.569588 0.285714 0.778351
1 0.868726 0.451031 0.061776 0.262887
1 0.720077 0.376289 0.034749 0.113402
