6 0.583929 0.769444 0.060714 0.105556
6 0.371429 0.838889 0.071429 0.144444
6 0.608929 0.647222 0.060714 0.094444
6 0.339286 0.738889 0.050000 0.077778
6 0.214286 0.688889 0.035714 0.100000
6 0.435714 0.677778 0.057143 0.088889
6 0.614286 0.513889 0.042857 0.061111
6 0.616071 0.455556 0.039286 0.033333
3 0.489286 0.269444 0.100000 0.061111
5 0.476786 0.758333 0.132143 0.061111
5 0.333929 0.672222 0.117857 0.033333
5 0.517857 0.647222 0.128571 0.050000
5 0.539286 0.580556 0.100000 0.038889
5 0.357143 0.586111 0.100000 0.027778
4 0.426786 0.425000 0.025000 0.172222
