1 0.709091 0.885246 0.072727 0.174863
1 0.058182 0.745902 0.043636 0.147541
1 0.209091 0.775956 0.054545 0.142077
1 0.363636 0.806011 0.058182 0.169399
1 0.540000 0.852459 0.069091 0.163934
1 0.312727 0.658470 0.058182 0.081967
1 0.894545 0.789617 0.050909 0.180328
1 0.454545 0.688525 0.043636 0.087432
3 0.829091 0.101093 0.210909 0.147541
3 0.178182 0.150273 0.189091 0.103825
3 0.325455 0.139344 0.192727 0.103825
3 0.485455 0.125683 0.200000 0.109290
3 0.647273 0.114754 0.189091 0.131148
5 0.830909 0.825137 0.105455 0.087432
5 0.483636 0.770492 0.094545 0.065574
5 0.643636 0.792350 0.080000 0.076503
