4 0.443636 0.595628 0.072727 0.338798
4 0.520000 0.494536 0.043636 0.224044
6 0.190909 0.863388 0.076364 0.131148
6 0.485455 0.882514 0.083636 0.114754
6 0.267273 0.636612 0.047273 0.081967
6 0.038182 0.584699 0.040000 0.065574
6 0.347273 0.674863 0.054545 0.092896
6 0.314545 0.584699 0.047273 0.065574
6 0.554545 0.696721 0.054545 0.092896
3 0.434545 0.374317 0.090909 0.060109
3 0.272727 0.319672 0.043636 0.038251
4 0.216364 0.437158 0.018182 0.174863
5 0.323636 0.882514 0.181818 0.049180
5 0.441818 0.685792 0.120000 0.038251
5 0.240000 0.579235 0.072727 0.021858
5 0.349091 0.625683 0.109091 0.027322
3 0.383636 0.319672 0.090909 0.038251
