6 0.110701 0.639785 0.073801 0.107527
6 0.249077 0.750000 0.084871 0.134409
6 0.453875 0.817204 0.059041 0.107527
6 0.507380 0.672043 0.047970 0.096774
6 0.595941 0.712366 0.047970 0.080645
6 0.785978 0.817204 0.044280 0.139785
3 0.765683 0.252688 0.114391 0.075269
3 0.293358 0.236559 0.114391 0.053763
3 0.426199 0.241935 0.129151 0.043011
3 0.507380 0.188172 0.092251 0.043011
5 0.228782 0.626344 0.140221 0.037634
4 0.800738 0.459677 0.051661 0.306452
4 0.319188 0.419355 0.055351 0.225806
1 0.780443 0.548387 0.166052 0.688172
1 0.228782 0.446237 0.302583 0.473118
