2 0.805804 0.200000 0.254464 0.204444
6 0.522321 0.424444 0.080357 0.084444
6 0.044643 0.402222 0.062500 0.075556
6 0.283482 0.413333 0.066964 0.062222
6 0.279018 0.840000 0.075893 0.080000
6 0.042411 0.811111 0.058036 0.075556
5 0.156250 0.395556 0.151786 0.026667
5 0.165179 0.826667 0.133929 0.044444
3 0.522321 0.051111 0.080357 0.057778
3 0.506696 0.588889 0.049107 0.048889
3 0.866071 0.628889 0.080357 0.057778
3 0.212054 0.148889 0.058036 0.040000
4 0.508929 0.224444 0.035714 0.253333
4 0.491071 0.708889 0.026786 0.182222
4 0.236607 0.275556 0.080357 0.177778
4 0.854911 0.735556 0.040179 0.120000
6 0.808036 0.911111 0.044643 0.062222
6 0.883929 0.826667 0.035714 0.044444
1 0.839286 0.773333 0.125000 0.328889
1 0.500000 0.717778 0.071429 0.288889
1 0.484375 0.242222 0.147321 0.440000
1 0.169643 0.284444 0.285714 0.311111
