6 0.479167 0.797619 0.083333 0.109524
6 0.202083 0.766667 0.079167 0.095238
6 0.381250 0.726190 0.079167 0.080952
6 0.675000 0.745238 0.083333 0.090476
6 0.564583 0.690476 0.087500 0.076190
6 0.872917 0.697619 0.087500 0.109524
3 0.220833 0.288095 0.050000 0.080952
3 0.418750 0.266667 0.070833 0.066667
3 0.612500 0.250000 0.033333 0.061905
4 0.231250 0.504762 0.079167 0.342857
4 0.412500 0.480952 0.083333 0.333333
4 0.597917 0.442857 0.087500 0.314286
5 0.354167 0.788095 0.158333 0.052381
5 0.547917 0.730952 0.170833 0.042857
5 0.731250 0.690476 0.187500 0.038095
1 0.345833 0.552381 0.350000 0.590476
1 0.722917 0.485714 0.387500 0.514286
1 0.531250 0.511905 0.387500 0.547619
