6 0.609375 0.835025 0.109375 0.126904
6 0.462891 0.687817 0.082031 0.106599
6 0.869141 0.677665 0.050781 0.096447
6 0.197266 0.329949 0.019531 0.050761
6 0.371094 0.598985 0.054688 0.111675
6 0.656250 0.548223 0.046875 0.071066
6 0.572266 0.512690 0.035156 0.071066
5 0.763672 0.748731 0.152344 0.106599
5 0.609375 0.634518 0.125000 0.060914
5 0.568359 0.576142 0.105469 0.035533
1 0.726562 0.548223 0.335938 0.690355
3 0.769531 0.253807 0.117188 0.081218
3 0.570312 0.215736 0.085938 0.076142
4 0.697266 0.532995 0.152344 0.416244
