6 0.273897 0.697297 0.069853 0.108108
6 0.505515 0.794595 0.069853 0.129730
6 0.588235 0.751351 0.058824 0.129730
6 0.665441 0.708108 0.066176 0.129730
6 0.737132 0.670270 0.055147 0.129730
6 0.801471 0.632432 0.066176 0.129730
6 0.865809 0.600000 0.062500 0.118919
3 0.295956 0.186486 0.113971 0.070270
3 0.398897 0.162162 0.077206 0.054054
3 0.479779 0.145946 0.069853 0.064865
3 0.558824 0.129730 0.066176 0.054054
3 0.628676 0.121622 0.058824 0.059459
3 0.704044 0.116216 0.047794 0.081081
6 0.365809 0.651351 0.069853 0.091892
6 0.443015 0.618919 0.062500 0.091892
6 0.527574 0.570270 0.055147 0.070270
6 0.667279 0.527027 0.047794 0.070270
6 0.590074 0.556757 0.055147 0.075676
5 0.397059 0.745946 0.139706 0.086486
5 0.768382 0.545946 0.117647 0.054054
