0 0.504464 0.725446 0.991071 0.084821
6 0.441964 0.741071 0.089286 0.107143
6 0.062500 0.714286 0.089286 0.107143
6 0.258929 0.602679 0.035714 0.071429
6 0.089286 0.571429 0.053571 0.062500
6 0.174107 0.571429 0.053571 0.071429
6 0.392857 0.578125 0.035714 0.075893
6 0.466518 0.598214 0.040179 0.080357
6 0.566964 0.589286 0.035714 0.071429
6 0.877232 0.631696 0.058036 0.084821
3 0.136161 0.303571 0.147321 0.053571
3 0.435268 0.272321 0.120536 0.026786
3 0.595982 0.323661 0.156250 0.049107
3 0.948661 0.301339 0.102679 0.040179
4 0.140625 0.406250 0.040179 0.125000
4 0.444196 0.395089 0.040179 0.156250
4 0.513393 0.397321 0.053571 0.142857
4 0.600446 0.415179 0.049107 0.142857
4 0.948661 0.410714 0.040179 0.169643
6 0.252232 0.506696 0.040179 0.066964
6 0.955357 0.564732 0.035714 0.058036
6 0.638393 0.645089 0.044643 0.075893
