1 0.745136 0.438776 0.190661 0.387755
3 0.723735 0.270408 0.101167 0.061224
5 0.733463 0.568878 0.112840 0.086735
6 0.824903 0.586735 0.046693 0.091837
4 0.692607 0.408163 0.046693 0.183673
6 0.431907 0.821429 0.077821 0.112245
6 0.212062 0.734694 0.058366 0.091837
6 0.511673 0.772959 0.073930 0.117347
6 0.317121 0.681122 0.035019 0.096939
6 0.581712 0.737245 0.073930 0.117347
3 0.270428 0.318878 0.167315 0.086735
3 0.523346 0.295918 0.136187 0.071429
4 0.245136 0.510204 0.054475 0.275510
4 0.344358 0.484694 0.058366 0.214286
4 0.412451 0.479592 0.046693 0.204082
4 0.490272 0.454082 0.054475 0.204082
6 0.651751 0.709184 0.066148 0.112245
6 0.715953 0.673469 0.062257 0.091837
