6 0.120000 0.852459 0.094545 0.120219
6 0.423636 0.830601 0.090909 0.120219
6 0.256364 0.617486 0.061818 0.076503
6 0.458182 0.685792 0.080000 0.081967
6 0.678182 0.622951 0.054545 0.087432
6 0.620000 0.551913 0.040000 0.065574
6 0.720000 0.464481 0.029091 0.043716
5 0.280000 0.827869 0.174545 0.114754
5 0.358182 0.625683 0.112727 0.071038
5 0.545455 0.557377 0.101818 0.043716
5 0.580000 0.655738 0.134545 0.087432
5 0.663636 0.467213 0.069091 0.027322
5 0.405455 0.491803 0.054545 0.043716
3 0.196364 0.292350 0.094545 0.060109
3 0.340000 0.245902 0.076364 0.032787
3 0.054545 0.245902 0.087273 0.043716
3 0.074545 0.379781 0.105455 0.158470
4 0.352727 0.357923 0.036364 0.158470
4 0.238182 0.445355 0.054545 0.213115
4 0.134545 0.617486 0.072727 0.273224
4 0.621818 0.306011 0.043636 0.185792
