6 0.466368 0.860619 0.080717 0.066372
6 0.246637 0.944690 0.080717 0.084071
6 0.062780 0.873894 0.044843 0.075221
6 0.246637 0.838496 0.044843 0.066372
6 0.843049 0.851770 0.044843 0.084071
6 0.744395 0.349558 0.080717 0.088496
5 0.354260 0.858407 0.134529 0.035398
5 0.150224 0.913717 0.103139 0.066372
5 0.618834 0.340708 0.152466 0.044248
3 0.085202 0.595133 0.161435 0.039823
3 0.295964 0.590708 0.143498 0.048673
3 0.926009 0.570796 0.058296 0.035398
4 0.085202 0.725664 0.044843 0.185841
4 0.278027 0.705752 0.062780 0.163717
4 0.910314 0.688053 0.035874 0.154867
