1 0.475000 0.435567 0.219231 0.438144
6 0.405769 0.871134 0.096154 0.134021
6 0.390385 0.623711 0.050000 0.082474
6 0.565385 0.546392 0.038462 0.072165
6 0.646154 0.402062 0.030769 0.051546
3 0.446154 0.252577 0.084615 0.072165
3 0.107692 0.314433 0.207692 0.103093
3 0.723077 0.190722 0.076923 0.030928
4 0.071154 0.564433 0.080769 0.376289
4 0.428846 0.435567 0.065385 0.242268
4 0.726923 0.280928 0.023077 0.139175
5 0.230769 0.873711 0.230769 0.097938
5 0.694231 0.396907 0.057692 0.030928
1 0.232692 0.600515 0.450000 0.675258
1 0.686538 0.293814 0.126923 0.247423
