6 0.302222 0.548889 0.071111 0.075556
6 0.213333 0.500000 0.062222 0.075556
6 0.126667 0.435556 0.057778 0.062222
6 0.177778 0.391111 0.044444 0.044444
6 0.460000 0.488889 0.066667 0.062222
6 0.435556 0.622222 0.088889 0.088889
6 0.317778 0.444444 0.048889 0.044444
6 0.335556 0.395556 0.040000 0.035556
6 0.591111 0.555556 0.071111 0.080000
3 0.708889 0.242222 0.164444 0.066667
3 0.513333 0.228889 0.155556 0.048889
5 0.595556 0.628889 0.231111 0.057778
5 0.440000 0.548889 0.168889 0.048889
5 0.335556 0.491111 0.146667 0.031111
5 0.217778 0.435556 0.097778 0.026667
5 0.242222 0.384444 0.084444 0.013333
