1 0.360987 0.734513 0.291480 0.336283
6 0.248879 0.949115 0.067265 0.075221
6 0.065022 0.878319 0.049327 0.066372
6 0.475336 0.862832 0.071749 0.070796
6 0.251121 0.842920 0.044843 0.075221
6 0.843049 0.853982 0.044843 0.079646
6 0.934978 0.794248 0.040359 0.057522
1 0.150224 0.778761 0.264574 0.415929
1 0.887892 0.721239 0.143498 0.345133
4 0.085202 0.723451 0.044843 0.225664
4 0.910314 0.683628 0.035874 0.181416
3 0.908072 0.561947 0.094170 0.044248
6 0.742152 0.347345 0.085202 0.084071
3 0.293722 0.586283 0.147982 0.039823
5 0.363229 0.858407 0.143498 0.061947
