5 0.741245 0.573980 0.089494 0.045918
5 0.426070 0.823980 0.089494 0.127551
5 0.212062 0.721939 0.042802 0.107143
5 0.317121 0.691327 0.035019 0.086735
5 0.511673 0.772959 0.073930 0.117347
5 0.710117 0.676020 0.058366 0.107143
5 0.822957 0.596939 0.058366 0.081633
5 0.663424 0.548469 0.027237 0.056122
3 0.270428 0.308673 0.159533 0.076531
3 0.719844 0.270408 0.108949 0.051020
3 0.521401 0.293367 0.124514 0.056122
1 0.749027 0.436224 0.198444 0.382653
4 0.247082 0.502551 0.050584 0.280612
4 0.694553 0.400510 0.035019 0.168367
