6 0.133205 0.721649 0.042471 0.082474
6 0.312741 0.734536 0.046332 0.108247
6 0.222008 0.726804 0.042471 0.072165
5 0.471042 0.646907 0.038610 0.097938
5 0.555985 0.654639 0.046332 0.092784
5 0.660232 0.662371 0.054054 0.087629
5 0.756757 0.659794 0.061776 0.092784
5 0.855212 0.662371 0.057915 0.087629
3 0.301158 0.275773 0.123552 0.067010
3 0.859073 0.237113 0.142857 0.051546
3 0.729730 0.237113 0.138996 0.051546
3 0.183398 0.244845 0.127413 0.067010
4 0.444015 0.414948 0.061776 0.252577
4 0.843629 0.396907 0.050193 0.237113
4 0.629344 0.409794 0.054054 0.273196
4 0.530888 0.417526 0.065637 0.268041
4 0.735521 0.414948 0.042471 0.262887
