4 0.225869 0.371134 0.034749 0.195876
4 0.291506 0.384021 0.034749 0.180412
4 0.384170 0.394330 0.034749 0.170103
4 0.471042 0.399485 0.023166 0.170103
4 0.557915 0.420103 0.019305 0.201031
4 0.642857 0.432990 0.027027 0.195876
4 0.868726 0.448454 0.046332 0.206186
4 0.969112 0.453608 0.038610 0.216495
6 0.121622 0.610825 0.050193 0.077320
6 0.202703 0.634021 0.042471 0.082474
6 0.320463 0.654639 0.038610 0.082474
6 0.416988 0.690722 0.038610 0.103093
6 0.521236 0.706186 0.046332 0.092784
6 0.621622 0.731959 0.046332 0.113402
6 0.916988 0.778351 0.034749 0.113402
5 0.876448 0.688144 0.069498 0.118557
