3 0.115385 0.380435 0.098901 0.195652
3 0.214286 0.237319 0.087912 0.061594
6 0.222527 0.722826 0.126374 0.068841
6 0.802198 0.668478 0.120879 0.068841
5 0.532967 0.682971 0.384615 0.076087
5 0.510989 0.538043 0.208791 0.047101
5 0.568681 0.416667 0.203297 0.028986
5 0.489011 0.335145 0.153846 0.018116
6 0.269231 0.543478 0.120879 0.065217
6 0.697802 0.534420 0.120879 0.068841
6 0.379121 0.429348 0.087912 0.054348
6 0.736264 0.418478 0.087912 0.054348
6 0.368132 0.344203 0.065934 0.036232
6 0.598901 0.335145 0.054945 0.039855
1 0.464286 0.389493 0.609890 0.380435
1 0.560440 0.313406 0.428571 0.250000
1 0.464286 0.516304 0.796703 0.460145
