1 0.246479 0.251412 0.267606 0.446328
1 0.257042 0.745763 0.260563 0.418079
1 0.760563 0.748588 0.253521 0.446328
1 0.748239 0.245763 0.257042 0.401130
6 0.846831 0.392655 0.059859 0.107345
6 0.649648 0.395480 0.066901 0.101695
6 0.139085 0.423729 0.052817 0.101695
6 0.346831 0.418079 0.059859 0.101695
6 0.154930 0.912429 0.063380 0.084746
6 0.362676 0.909605 0.049296 0.090395
6 0.663732 0.918079 0.052817 0.096045
6 0.864437 0.906780 0.045775 0.096045
5 0.255282 0.429379 0.130282 0.045198
5 0.260563 0.915254 0.126761 0.033898
5 0.778169 0.909605 0.119718 0.045198
5 0.760563 0.398305 0.105634 0.039548
3 0.304577 0.567797 0.045775 0.050847
3 0.683099 0.553672 0.056338 0.045198
3 0.174296 0.059322 0.059859 0.062147
3 0.672535 0.062147 0.049296 0.056497
4 0.316901 0.725989 0.056338 0.242938
4 0.681338 0.717514 0.031690 0.237288
4 0.169014 0.217514 0.042254 0.220339
4 0.674296 0.203390 0.031690 0.192090
