3 0.799645 0.162011 0.138298 0.111732
3 0.670213 0.150838 0.127660 0.089385
3 0.551418 0.134078 0.145390 0.089385
3 0.326241 0.122905 0.148936 0.089385
3 0.104610 0.111732 0.152482 0.078212
6 0.407801 0.860335 0.056738 0.167598
6 0.290780 0.818436 0.063830 0.139665
6 0.054965 0.756983 0.081560 0.162011
6 0.173759 0.784916 0.078014 0.173184
4 0.826241 0.427374 0.042553 0.430168
4 0.700355 0.402235 0.046099 0.402235
4 0.588652 0.374302 0.063830 0.379888
6 0.228723 0.592179 0.039007 0.122905
6 0.317376 0.611732 0.039007 0.106145
6 0.437943 0.636872 0.039007 0.122905
6 0.531915 0.656425 0.049645 0.117318
5 0.824468 0.796089 0.067376 0.162011
5 0.698582 0.776536 0.056738 0.145251
1 0.803191 0.550279 0.117021 0.888268
