1 0.666023 0.445876 0.312741 0.561856
1 0.519305 0.538660 0.359073 0.695876
6 0.783784 0.670103 0.077220 0.113402
6 0.399614 0.652062 0.057915 0.087629
6 0.536680 0.564433 0.061776 0.067010
6 0.648649 0.817010 0.084942 0.139175
3 0.388031 0.247423 0.065637 0.123711
3 0.554054 0.211340 0.057915 0.103093
4 0.403475 0.440722 0.034749 0.304124
4 0.557915 0.386598 0.042471 0.226804
5 0.519305 0.731959 0.150579 0.113402
5 0.660232 0.608247 0.138996 0.092784
0 0.115830 0.907216 0.169884 0.134021
0 0.289575 0.793814 0.162162 0.164948
0 0.469112 0.922680 0.173745 0.144330
0 0.654440 0.474227 0.096525 0.103093
0 0.928571 0.234536 0.142857 0.025773
