5 0.127530 0.796569 0.133603 0.142157
6 0.273279 0.897059 0.125506 0.196078
6 0.425101 0.843137 0.129555 0.186275
6 0.635628 0.740196 0.113360 0.156863
6 0.761134 0.698529 0.113360 0.161765
6 0.943320 0.629902 0.105263 0.142157
6 0.526316 0.789216 0.080972 0.176471
6 0.850202 0.664216 0.080972 0.142157
3 0.556680 0.107843 0.101215 0.078431
3 0.672065 0.083333 0.072874 0.088235
3 0.781377 0.066176 0.089069 0.073529
3 0.429150 0.117647 0.080972 0.078431
3 0.876518 0.078431 0.068826 0.078431
3 0.334008 0.149510 0.085020 0.102941
3 0.959514 0.051471 0.080972 0.073529
4 0.295547 0.504902 0.064777 0.509804
4 0.421053 0.475490 0.064777 0.441176
4 0.526316 0.416667 0.040486 0.460784
4 0.643725 0.411765 0.032389 0.421569
4 0.765182 0.377451 0.032389 0.372549
4 0.854251 0.365196 0.032389 0.377451
4 0.935223 0.352941 0.040486 0.362745
6 0.038462 0.700980 0.052632 0.166667
6 0.157895 0.669118 0.072874 0.151961
6 0.587045 0.531863 0.056680 0.122549
