5 0.789683 0.822500 0.142857 0.025000
6 0.636905 0.845000 0.059524 0.080000
6 0.126984 0.710000 0.055556 0.070000
6 0.224206 0.737500 0.059524 0.065000
6 0.900794 0.807500 0.047619 0.095000
6 0.460317 0.705000 0.047619 0.070000
6 0.603175 0.737500 0.047619 0.075000
6 0.736111 0.767500 0.051587 0.075000
3 0.698413 0.397500 0.055556 0.055000
3 0.539683 0.385000 0.079365 0.050000
4 0.152778 0.502500 0.051587 0.215000
4 0.686508 0.575000 0.063492 0.270000
4 0.529762 0.550000 0.059524 0.240000
4 0.255952 0.522500 0.051587 0.205000
4 0.394841 0.537500 0.051587 0.225000
6 0.359127 0.770000 0.059524 0.070000
6 0.490079 0.805000 0.059524 0.080000
6 0.347222 0.677500 0.043651 0.065000
