6 0.171815 0.801546 0.096525 0.108247
6 0.565637 0.938144 0.119691 0.123711
6 0.303089 0.664948 0.081081 0.092784
6 0.633205 0.819588 0.092664 0.123711
6 0.386100 0.567010 0.077220 0.082474
6 0.669884 0.685567 0.081081 0.113402
6 0.467181 0.487113 0.054054 0.067010
6 0.720077 0.590206 0.073359 0.097938
6 0.523166 0.430412 0.042471 0.056701
6 0.752896 0.500000 0.069498 0.082474
6 0.777992 0.427835 0.050193 0.061856
3 0.227799 0.182990 0.092664 0.118557
3 0.418919 0.136598 0.081081 0.139175
3 0.314672 0.170103 0.081081 0.164948
3 0.525097 0.103093 0.077220 0.113402
3 0.588803 0.074742 0.065637 0.087629
4 0.212355 0.471649 0.084942 0.427835
4 0.322394 0.402062 0.027027 0.329897
4 0.413127 0.353093 0.038610 0.252577
4 0.505792 0.288660 0.038610 0.216495
