6 0.760309 0.801158 0.108247 0.081081
6 0.327320 0.727799 0.097938 0.065637
6 0.798969 0.714286 0.103093 0.069498
6 0.412371 0.648649 0.061856 0.069498
6 0.791237 0.631274 0.077320 0.073359
6 0.788660 0.565637 0.072165 0.057915
6 0.791237 0.515444 0.077320 0.050193
6 0.806701 0.476834 0.077320 0.034749
6 0.811856 0.438224 0.067010 0.042471
3 0.278351 0.418919 0.154639 0.119691
3 0.430412 0.366795 0.242268 0.077220
3 0.481959 0.316602 0.211340 0.054054
3 0.605670 0.220077 0.128866 0.038610
0 0.971649 0.185328 0.056701 0.015444
3 0.510309 0.285714 0.175258 0.054054
5 0.551546 0.768340 0.278351 0.092664
5 0.706186 0.440154 0.144330 0.023166
5 0.677835 0.471042 0.149485 0.030888
5 0.654639 0.503861 0.195876 0.042471
