3 0.171014 0.246575 0.052174 0.095890
3 0.033333 0.267123 0.049275 0.095890
3 0.095652 0.260274 0.063768 0.109589
3 0.228986 0.246575 0.046377 0.095890
3 0.292754 0.219178 0.040580 0.095890
3 0.342029 0.208904 0.034783 0.102740
3 0.476812 0.188356 0.031884 0.075342
3 0.394203 0.205479 0.034783 0.068493
3 0.440580 0.198630 0.034783 0.068493
3 0.878261 0.147260 0.104348 0.130137
4 0.056522 0.476027 0.026087 0.267123
4 0.120290 0.452055 0.026087 0.260274
4 0.181159 0.438356 0.020290 0.260274
4 0.239130 0.428082 0.026087 0.239726
4 0.292754 0.397260 0.028986 0.205479
4 0.901449 0.373288 0.040580 0.294521
6 0.923188 0.674658 0.026087 0.130137
6 0.055072 0.708904 0.034783 0.089041
6 0.157971 0.883562 0.031884 0.150685
6 0.220290 0.852740 0.040580 0.143836
6 0.278261 0.804795 0.040580 0.130137
6 0.113043 0.681507 0.034783 0.075342
6 0.168116 0.647260 0.040580 0.075342
6 0.336232 0.780822 0.040580 0.123288
6 0.381159 0.739726 0.049275 0.136986
6 0.428986 0.712329 0.040580 0.123288
6 0.472464 0.688356 0.034783 0.116438
6 0.224638 0.616438 0.031884 0.068493
6 0.271014 0.585616 0.031884 0.075342
6 0.311594 0.554795 0.026087 0.054795
6 0.349275 0.544521 0.031884 0.061644
6 0.392754 0.517123 0.026087 0.061644
6 0.514493 0.660959 0.037681 0.116438
6 0.547826 0.630137 0.023188 0.095890
6 0.743478 0.914384 0.060870 0.157534
6 0.705797 0.780822 0.055072 0.150685
6 0.878261 0.589041 0.023188 0.109589
6 0.692754 0.671233 0.046377 0.109589
