6 0.581081 0.631443 0.057915 0.118557
6 0.054054 0.652062 0.038610 0.108247
6 0.915058 0.770619 0.061776 0.149485
6 0.420849 0.597938 0.054054 0.103093
6 0.310811 0.569588 0.050193 0.077320
6 0.175676 0.721649 0.050193 0.113402
6 0.457529 0.829897 0.057915 0.134021
3 0.779923 0.237113 0.200772 0.082474
3 0.555985 0.257732 0.208494 0.113402
3 0.090734 0.260309 0.158301 0.067010
3 0.223938 0.242268 0.169884 0.061856
3 0.386100 0.244845 0.200772 0.067010
4 0.081081 0.432990 0.030888 0.237113
4 0.208494 0.448454 0.038610 0.278351
4 0.362934 0.458763 0.038610 0.298969
1 0.600386 0.559278 0.359073 0.685567
