4 0.209868 0.464912 0.135526 0.594542
4 0.436842 0.454191 0.144737 0.553606
4 0.633553 0.446394 0.132895 0.467836
4 0.747368 0.425926 0.123684 0.419103
4 0.872368 0.413255 0.144737 0.370370
6 0.491447 0.883041 0.098684 0.218324
6 0.711184 0.808967 0.072368 0.198830
6 0.823026 0.725146 0.106579 0.159844
6 0.953289 0.672515 0.093421 0.140351
3 0.153947 0.118908 0.250000 0.097466
3 0.382895 0.141326 0.194737 0.103314
3 0.587500 0.162768 0.169737 0.076023
3 0.729605 0.183236 0.032895 0.105263
3 0.838816 0.195906 0.069737 0.091618
6 0.126974 0.780702 0.059211 0.099415
6 0.314474 0.733918 0.050000 0.079922
6 0.591447 0.672515 0.067105 0.101365
