6 0.873585 0.726316 0.086792 0.136842
6 0.477358 0.889474 0.086792 0.147368
6 0.630189 0.821053 0.083019 0.136842
6 0.756604 0.736842 0.079245 0.126316
3 0.711321 0.086842 0.086792 0.078947
6 0.258491 0.668421 0.056604 0.105263
6 0.415094 0.615789 0.052830 0.094737
6 0.935849 0.452632 0.045283 0.073684
6 0.515094 0.576316 0.049057 0.089474
6 0.650943 0.555263 0.049057 0.089474
4 0.286792 0.381579 0.030189 0.331579
4 0.437736 0.381579 0.022642 0.278947
4 0.539623 0.321053 0.030189 0.273684
4 0.684906 0.336842 0.041509 0.263158
3 0.288679 0.136842 0.079245 0.115789
3 0.445283 0.144737 0.060377 0.173684
3 0.558491 0.115789 0.067925 0.115789
