6 0.309091 0.836066 0.087273 0.131148
6 0.452727 0.773224 0.076364 0.103825
6 0.550909 0.713115 0.069091 0.103825
6 0.758182 0.855191 0.105455 0.169399
6 0.825455 0.765027 0.087273 0.131148
6 0.876364 0.713115 0.065455 0.114754
6 0.632727 0.666667 0.050909 0.065574
6 0.634545 0.928962 0.127273 0.142077
6 0.909091 0.666667 0.065455 0.098361
6 0.690909 0.631148 0.043636 0.060109
4 0.318182 0.434426 0.032727 0.486339
4 0.469091 0.437158 0.029091 0.404372
4 0.572727 0.431694 0.032727 0.295082
3 0.285455 0.144809 0.105455 0.092896
3 0.450909 0.183060 0.080000 0.071038
3 0.572727 0.218579 0.061818 0.065574
3 0.654545 0.245902 0.043636 0.054645
3 0.714545 0.265027 0.040000 0.049180
5 0.800000 0.647541 0.116364 0.027322
