4 0.295367 0.445876 0.034749 0.365979
4 0.538610 0.360825 0.034749 0.298969
4 0.142857 0.479381 0.061776 0.340206
6 0.519305 0.935567 0.096525 0.128866
6 0.760618 0.780928 0.084942 0.128866
6 0.839768 0.708763 0.073359 0.118557
6 0.517375 0.603093 0.054054 0.082474
6 0.604247 0.556701 0.057915 0.082474
6 0.895753 0.649485 0.069498 0.103093
6 0.295367 0.713918 0.057915 0.087629
6 0.156371 0.757732 0.057915 0.082474
6 0.969112 0.605670 0.061776 0.097938
3 0.111969 0.229381 0.131274 0.159794
3 0.283784 0.201031 0.111969 0.134021
3 0.554054 0.167526 0.050193 0.087629
3 0.658301 0.146907 0.042471 0.097938
3 0.737452 0.131443 0.054054 0.077320
3 0.822394 0.128866 0.046332 0.061856
