6 0.273438 0.828993 0.048828 0.116319
6 0.423828 0.886285 0.068359 0.161458
6 0.541016 0.839410 0.078125 0.133681
6 0.744141 0.770833 0.041016 0.083333
6 0.567871 0.745660 0.036133 0.050347
6 0.821777 0.748264 0.045898 0.086806
6 0.863281 0.698785 0.041016 0.067708
3 0.245605 0.310764 0.137695 0.041667
3 0.528320 0.314236 0.033203 0.111111
3 0.606934 0.370660 0.034180 0.050347
3 0.675781 0.392361 0.060547 0.038194
3 0.735352 0.422743 0.046875 0.029514
4 0.266113 0.552083 0.061523 0.402778
4 0.526855 0.570312 0.049805 0.366319
4 0.671875 0.552083 0.021484 0.256944
4 0.592773 0.535590 0.046875 0.258681
4 0.732422 0.564236 0.035156 0.211806
5 0.346191 0.854167 0.118164 0.111111
5 0.448730 0.804688 0.122070 0.050347
5 0.667480 0.756944 0.124023 0.045139
5 0.769043 0.699653 0.137695 0.031250
1 0.312988 0.625000 0.291992 0.677083
