4 0.249035 0.520619 0.065637 0.288660
4 0.727799 0.528351 0.057915 0.314433
6 0.884170 0.719072 0.038610 0.097938
6 0.202703 0.752577 0.050193 0.092784
6 0.341699 0.773196 0.057915 0.103093
6 0.500000 0.791237 0.050193 0.097938
6 0.694981 0.788660 0.046332 0.113402
6 0.577220 0.695876 0.050193 0.061856
6 0.445946 0.685567 0.034749 0.061856
3 0.758687 0.298969 0.173745 0.061856
3 0.281853 0.329897 0.146718 0.061856
3 0.440154 0.317010 0.131274 0.067010
3 0.577220 0.306701 0.158301 0.046392
1 0.789575 0.559278 0.227799 0.572165
