4 0.237452 0.448454 0.034749 0.216495
4 0.312741 0.430412 0.030888 0.190722
4 0.378378 0.414948 0.030888 0.190722
4 0.445946 0.396907 0.019305 0.175258
6 0.403475 0.842784 0.081081 0.118557
6 0.173745 0.688144 0.061776 0.097938
6 0.478764 0.768041 0.061776 0.103093
6 0.584942 0.659794 0.057915 0.092784
6 0.532819 0.713918 0.061776 0.097938
6 0.247104 0.641753 0.061776 0.077320
6 0.631274 0.577320 0.042471 0.061856
6 0.442085 0.543814 0.042471 0.046392
6 0.662162 0.548969 0.034749 0.056701
6 0.693050 0.523196 0.027027 0.046392
3 0.115830 0.293814 0.123552 0.092784
3 0.225869 0.275773 0.088803 0.077320
3 0.308880 0.262887 0.069498 0.051546
