6 0.278195 0.844737 0.052632 0.121053
6 0.050752 0.781579 0.048872 0.121053
6 0.456767 0.921053 0.048872 0.126316
6 0.808271 0.760526 0.030075 0.110526
6 0.441729 0.794737 0.048872 0.105263
6 0.851504 0.928947 0.048872 0.142105
6 0.580827 0.850000 0.041353 0.121053
3 0.808271 0.173684 0.210526 0.042105
3 0.174812 0.113158 0.184211 0.068421
3 0.530075 0.150000 0.203008 0.047368
4 0.541353 0.436842 0.060150 0.473684
4 0.819549 0.473684 0.045113 0.484211
4 0.419173 0.444737 0.056391 0.405263
1 0.161654 0.455263 0.270677 0.752632
1 0.810150 0.573684 0.199248 0.852632
