3 0.101093 0.418182 0.158470 0.210909
3 0.344262 0.305455 0.262295 0.087273
5 0.655738 0.674545 0.371585 0.069091
5 0.642077 0.490909 0.256831 0.029091
5 0.606557 0.441818 0.207650 0.025455
5 0.603825 0.367273 0.147541 0.014545
6 0.188525 0.829091 0.169399 0.094545
6 0.333333 0.681818 0.120219 0.090909
6 0.852459 0.550909 0.109290 0.069091
6 0.770492 0.445455 0.076503 0.054545
6 0.721311 0.361818 0.054645 0.040000
4 0.177596 0.643636 0.081967 0.240000
4 0.338798 0.490909 0.054645 0.247273
4 0.409836 0.434545 0.032787 0.192727
