4 0.731183 0.684502 0.118280 0.335793
4 0.500000 0.632841 0.118280 0.298893
5 0.311828 0.822878 0.301075 0.059041
5 0.508065 0.926199 0.370968 0.073801
6 0.091398 0.824723 0.118280 0.092251
6 0.225806 0.957565 0.139785 0.084871
6 0.564516 0.848708 0.096774 0.066421
6 0.787634 0.937269 0.123656 0.088561
3 0.680108 0.452030 0.145161 0.047970
3 0.451613 0.424354 0.193548 0.044280
3 0.500000 0.354244 0.096774 0.022140
6 0.354839 0.525830 0.043011 0.025830
1 0.317204 0.638376 0.548387 0.472325
1 0.505376 0.715867 0.709677 0.568266
