6 0.501838 0.800000 0.062500 0.118919
6 0.588235 0.756757 0.058824 0.108108
6 0.663603 0.710811 0.055147 0.113514
6 0.272059 0.705405 0.058824 0.113514
6 0.363971 0.651351 0.066176 0.102703
6 0.446691 0.616216 0.055147 0.086486
6 0.735294 0.667568 0.058824 0.124324
6 0.805147 0.629730 0.058824 0.113514
6 0.867647 0.597297 0.058824 0.113514
3 0.297794 0.181081 0.102941 0.059459
3 0.397059 0.162162 0.080882 0.043243
3 0.483456 0.143243 0.069853 0.048649
3 0.556985 0.124324 0.062500 0.054054
3 0.628676 0.116216 0.058824 0.048649
3 0.698529 0.097297 0.058824 0.043243
