6 0.493421 0.893762 0.089474 0.200780
6 0.705921 0.807992 0.085526 0.185185
6 0.829605 0.729045 0.098684 0.152047
6 0.955921 0.670565 0.088158 0.144250
6 0.131579 0.775828 0.050000 0.085770
6 0.311842 0.730994 0.052632 0.085770
6 0.590789 0.666667 0.060526 0.081871
3 0.148684 0.126706 0.268421 0.097466
3 0.376316 0.146199 0.213158 0.124756
3 0.581579 0.158869 0.197368 0.079922
3 0.721053 0.194932 0.055263 0.124756
3 0.838816 0.191033 0.069737 0.093567
4 0.209211 0.477583 0.121053 0.592593
4 0.437500 0.466862 0.117105 0.532164
4 0.632895 0.434698 0.128947 0.460039
4 0.750658 0.430799 0.114474 0.401559
4 0.871711 0.424951 0.114474 0.335283
5 0.171711 0.882066 0.127632 0.157895
5 0.379605 0.818713 0.148684 0.124756
5 0.580921 0.765107 0.125000 0.095517
