6 0.857422 0.723307 0.062500 0.089844
6 0.159180 0.577474 0.091797 0.097656
6 0.456055 0.483724 0.068359 0.100260
6 0.236816 0.705729 0.104492 0.130208
6 0.295410 0.860026 0.129883 0.144531
6 0.682129 0.673828 0.073242 0.102865
3 0.687012 0.170573 0.375977 0.229167
3 0.129395 0.071615 0.067383 0.117188
3 0.312988 0.125000 0.100586 0.135417
3 0.214844 0.097005 0.097656 0.121094
4 0.161133 0.319010 0.048828 0.375000
4 0.246582 0.392578 0.047852 0.402344
4 0.328125 0.475911 0.050781 0.548177
0 0.379883 0.042318 0.066406 0.045573
