6 0.160833 0.444444 0.031667 0.053333
6 0.112500 0.425556 0.028333 0.046667
6 0.790833 0.621111 0.065000 0.140000
6 0.707500 0.553333 0.061667 0.066667
6 0.639167 0.532222 0.058333 0.060000
6 0.502500 0.724444 0.061667 0.155556
6 0.219167 0.506667 0.035000 0.084444
6 0.265833 0.545556 0.035000 0.117778
6 0.311667 0.572222 0.033333 0.113333
6 0.349167 0.593333 0.038333 0.115556
6 0.392500 0.626667 0.038333 0.142222
6 0.450000 0.662222 0.050000 0.164444
5 0.682500 0.651111 0.195000 0.093333
4 0.182500 0.323333 0.038333 0.184444
3 0.195833 0.200000 0.075000 0.053333
