3 0.494429 0.142857 0.036212 0.057143
3 0.185237 0.142857 0.030641 0.042857
3 0.814763 0.078571 0.036212 0.057143
6 0.050139 0.721429 0.038997 0.114286
6 0.222841 0.732143 0.044568 0.107143
6 0.348189 0.700000 0.061281 0.157143
6 0.529248 0.710714 0.055710 0.150000
6 0.675487 0.700000 0.052925 0.171429
6 0.867688 0.714286 0.052925 0.157143
5 0.132312 0.732143 0.119777 0.035714
5 0.431755 0.707143 0.111421 0.042857
5 0.761838 0.707143 0.114206 0.057143
1 0.135097 0.453571 0.214485 0.664286
1 0.440111 0.450000 0.228412 0.671429
1 0.771588 0.414286 0.250696 0.728571
4 0.199164 0.425000 0.047354 0.435714
4 0.502786 0.400000 0.041783 0.400000
4 0.831476 0.371429 0.058496 0.471429
