3 0.669231 0.170103 0.138462 0.051546
6 0.282692 0.551546 0.050000 0.082474
6 0.317308 0.626289 0.057692 0.067010
6 0.342308 0.752577 0.069231 0.103093
6 0.330769 0.938144 0.092308 0.123711
6 0.705769 0.884021 0.088462 0.118557
6 0.630769 0.706186 0.069231 0.103093
6 0.569231 0.613402 0.053846 0.072165
6 0.511538 0.543814 0.046154 0.077320
5 0.517308 0.914948 0.226923 0.077320
5 0.434615 0.615979 0.176923 0.036082
5 0.398077 0.546392 0.150000 0.030928
5 0.486538 0.729381 0.203846 0.046392
3 0.473077 0.097938 0.076923 0.020619
3 0.592308 0.141753 0.115385 0.036082
4 0.673077 0.500000 0.076923 0.536082
