3 0.621622 0.265464 0.162162 0.077320
3 0.264479 0.296392 0.189189 0.077320
3 0.447876 0.278351 0.169884 0.082474
3 0.814672 0.252577 0.138996 0.092784
6 0.741313 0.891753 0.069498 0.123711
6 0.191120 0.902062 0.042471 0.123711
6 0.382239 0.891753 0.046332 0.134021
6 0.565637 0.899485 0.050193 0.108247
4 0.415058 0.554124 0.065637 0.417526
4 0.608108 0.554124 0.057915 0.438144
4 0.774131 0.551546 0.065637 0.443299
1 0.258687 0.613402 0.200772 0.701031
1 0.799228 0.574742 0.169884 0.737113
1 0.619691 0.592784 0.173745 0.721649
1 0.444015 0.603093 0.169884 0.721649
