1 0.901544 0.319588 0.135135 0.329897
6 0.166023 0.701031 0.077220 0.082474
6 0.289575 0.917526 0.061776 0.113402
6 0.411197 0.819588 0.065637 0.123711
6 0.262548 0.649485 0.061776 0.082474
6 0.343629 0.605670 0.046332 0.077320
6 0.500000 0.752577 0.057915 0.103093
6 0.640927 0.649485 0.054054 0.092784
6 0.416988 0.574742 0.046332 0.087629
6 0.484556 0.541237 0.057915 0.061856
6 0.552124 0.515464 0.054054 0.072165
6 0.722008 0.623711 0.054054 0.092784
6 0.762548 0.574742 0.042471 0.087629
6 0.565637 0.706186 0.050193 0.092784
6 0.797297 0.548969 0.042471 0.077320
6 0.949807 0.453608 0.038610 0.072165
6 0.847490 0.512887 0.050193 0.077320
6 0.888031 0.487113 0.046332 0.077320
6 0.853282 0.394330 0.015444 0.046392
3 0.175676 0.283505 0.050193 0.123711
3 0.291506 0.265464 0.050193 0.118557
3 0.378378 0.250000 0.046332 0.087629
3 0.472973 0.231959 0.042471 0.072165
3 0.598456 0.208763 0.046332 0.067010
3 0.660232 0.188144 0.054054 0.056701
3 0.768340 0.177835 0.046332 0.046392
4 0.330116 0.427835 0.042471 0.185567
4 0.486486 0.378866 0.030888 0.201031
4 0.561776 0.358247 0.019305 0.190722
4 0.660232 0.317010 0.030888 0.159794
4 0.407336 0.407216 0.042471 0.195876
4 0.868726 0.270619 0.023166 0.159794
3 0.550193 0.224227 0.050193 0.087629
