6 0.426270 0.887153 0.065430 0.163194
6 0.541504 0.842014 0.077148 0.142361
6 0.822754 0.749132 0.047852 0.085069
6 0.275879 0.827257 0.043945 0.126736
6 0.565918 0.748264 0.034180 0.059028
6 0.658203 0.721354 0.048828 0.060764
6 0.865723 0.698785 0.040039 0.071181
5 0.340820 0.847222 0.113281 0.083333
5 0.659180 0.759549 0.123047 0.050347
4 0.259766 0.568576 0.029297 0.407986
4 0.527344 0.528646 0.048828 0.401042
4 0.594727 0.531250 0.048828 0.281250
4 0.671387 0.535590 0.018555 0.223958
4 0.735352 0.561632 0.019531 0.230903
3 0.242188 0.306424 0.146484 0.043403
3 0.526367 0.312500 0.025391 0.114583
3 0.606445 0.369792 0.039062 0.038194
3 0.664062 0.386285 0.037109 0.029514
3 0.740723 0.407118 0.034180 0.036458
1 0.313477 0.626736 0.283203 0.670139
