6 0.287273 0.737705 0.043636 0.065574
6 0.396364 0.663934 0.029091 0.071038
6 0.230909 0.710383 0.040000 0.087432
6 0.169091 0.693989 0.040000 0.087432
6 0.121818 0.680328 0.040000 0.081967
6 0.032727 0.644809 0.036364 0.065574
6 0.898182 0.915301 0.029091 0.103825
6 0.345455 0.639344 0.036364 0.065574
3 0.367273 0.396175 0.072727 0.038251
3 0.192727 0.363388 0.058182 0.038251
3 0.320000 0.363388 0.080000 0.049180
3 0.114545 0.349727 0.076364 0.032787
4 0.218182 0.478142 0.029091 0.158470
4 0.376364 0.524590 0.040000 0.174863
