4 0.837838 0.448454 0.038610 0.298969
4 0.714286 0.451031 0.046332 0.273196
4 0.600386 0.425258 0.050193 0.242268
6 0.227799 0.703608 0.054054 0.097938
6 0.453668 0.708763 0.042471 0.108247
6 0.525097 0.724227 0.038610 0.108247
6 0.617761 0.750000 0.030888 0.108247
6 0.708494 0.809278 0.034749 0.134021
6 0.034749 0.605670 0.054054 0.077320
6 0.781853 0.809278 0.042471 0.134021
3 0.432432 0.265464 0.108108 0.056701
3 0.693050 0.275773 0.127413 0.067010
3 0.828185 0.268041 0.173745 0.051546
5 0.617761 0.652062 0.046332 0.087629
