6 0.551724 0.876437 0.055172 0.132184
6 0.481034 0.787356 0.058621 0.114943
6 0.367241 0.666667 0.051724 0.091954
6 0.422414 0.729885 0.051724 0.103448
6 0.325862 0.620690 0.044828 0.080460
3 0.672414 0.313218 0.048276 0.074713
3 0.581034 0.301724 0.037931 0.051724
3 0.508621 0.290230 0.031034 0.040230
3 0.465517 0.284483 0.034483 0.040230
4 0.681034 0.477011 0.044828 0.241379
4 0.596552 0.456897 0.055172 0.224138
4 0.531034 0.436782 0.048276 0.218391
4 0.479310 0.405172 0.041379 0.178161
5 0.644828 0.781609 0.103448 0.114943
