1 0.383636 0.551913 0.527273 0.786885
6 0.180000 0.836066 0.112727 0.174863
6 0.592727 0.863388 0.101818 0.153005
6 0.701818 0.825137 0.094545 0.142077
6 0.812727 0.800546 0.083636 0.125683
6 0.349091 0.775956 0.087273 0.087432
6 0.498182 0.767760 0.080000 0.060109
4 0.541818 0.510929 0.094545 0.453552
4 0.661818 0.524590 0.087273 0.415301
4 0.769091 0.532787 0.105455 0.344262
3 0.521818 0.218579 0.083636 0.120219
3 0.638182 0.259563 0.061818 0.103825
3 0.745455 0.306011 0.087273 0.087432
5 0.370909 0.855191 0.240000 0.071038
