6 0.776062 0.641753 0.092664 0.118557
6 0.430502 0.615979 0.073359 0.108247
6 0.258687 0.894330 0.100386 0.159794
6 0.797297 0.489691 0.065637 0.082474
6 0.517375 0.489691 0.061776 0.092784
6 0.806950 0.389175 0.054054 0.077320
6 0.658301 0.329897 0.042471 0.072165
6 0.884170 0.265464 0.038610 0.056701
6 0.743243 0.283505 0.042471 0.051546
6 0.859073 0.335052 0.042471 0.072165
5 0.611969 0.628866 0.212355 0.072165
5 0.667954 0.492268 0.154440 0.056701
5 0.710425 0.402062 0.123552 0.041237
5 0.768340 0.327320 0.115830 0.036082
5 0.826255 0.270619 0.077220 0.025773
3 0.166023 0.234536 0.324324 0.190722
3 0.445946 0.126289 0.158301 0.097938
3 0.559846 0.087629 0.115830 0.082474
3 0.708494 0.043814 0.065637 0.046392
4 0.243243 0.564433 0.061776 0.438144
4 0.449807 0.363402 0.050193 0.324742
1 0.590734 0.386598 0.463320 0.618557
1 0.662162 0.291237 0.328185 0.489691
