1 0.307273 0.579235 0.352727 0.677596
6 0.449091 0.863388 0.076364 0.109290
6 0.569091 0.825137 0.054545 0.098361
6 0.661818 0.784153 0.065455 0.103825
6 0.192727 0.830601 0.065455 0.098361
6 0.340000 0.773224 0.061818 0.081967
6 0.456364 0.737705 0.054545 0.076503
6 0.780000 0.748634 0.061818 0.098361
6 0.563636 0.704918 0.058182 0.076503
6 0.854545 0.721311 0.050909 0.098361
6 0.938182 0.691257 0.058182 0.103825
6 0.727273 0.642077 0.050909 0.060109
6 0.801818 0.617486 0.047273 0.054645
4 0.205455 0.510929 0.061818 0.366120
4 0.354545 0.483607 0.054545 0.333333
4 0.474545 0.450820 0.061818 0.311475
4 0.574545 0.439891 0.043636 0.278689
4 0.652727 0.407104 0.040000 0.256831
4 0.749091 0.387978 0.036364 0.251366
4 0.812727 0.385246 0.047273 0.256831
4 0.901818 0.368852 0.043636 0.245902
3 0.190909 0.267760 0.120000 0.065574
3 0.343636 0.262295 0.069091 0.076503
3 0.474545 0.248634 0.047273 0.071038
3 0.563636 0.245902 0.036364 0.087432
3 0.647273 0.234973 0.043636 0.065574
3 0.745455 0.218579 0.029091 0.065574
3 0.821818 0.202186 0.043636 0.065574
3 0.914545 0.204918 0.040000 0.060109
