6 0.293436 0.801546 0.084942 0.149485
6 0.584942 0.577320 0.065637 0.082474
6 0.249035 0.551546 0.073359 0.103093
6 0.117761 0.626289 0.034749 0.108247
6 0.314672 0.597938 0.057915 0.103093
6 0.754826 0.554124 0.027027 0.077320
6 0.503861 0.525773 0.065637 0.072165
6 0.669884 0.396907 0.034749 0.051546
5 0.198842 0.703608 0.135135 0.139175
5 0.474903 0.600515 0.169884 0.056701
5 0.741313 0.502577 0.046332 0.077320
5 0.430502 0.538660 0.096525 0.036082
4 0.125483 0.386598 0.042471 0.371134
4 0.741313 0.332474 0.030888 0.242268
3 0.131274 0.164948 0.216216 0.092784
3 0.391892 0.177835 0.127413 0.077320
