1 0.251613 0.429012 0.187097 0.524691
6 0.217742 0.561728 0.022581 0.061728
6 0.327419 0.645062 0.035484 0.104938
6 0.404839 0.620370 0.041935 0.104938
6 0.279032 0.530864 0.035484 0.074074
6 0.295161 0.790123 0.067742 0.148148
6 0.514516 0.706790 0.041935 0.104938
6 0.430645 0.472222 0.029032 0.080247
6 0.551613 0.543210 0.038710 0.086420
6 0.511290 0.429012 0.022581 0.067901
6 0.617742 0.481481 0.041935 0.086420
6 0.546774 0.354938 0.029032 0.043210
6 0.648387 0.348765 0.025806 0.055556
6 0.717742 0.280864 0.029032 0.043210
6 0.809677 0.280864 0.019355 0.030864
0 0.858065 0.638889 0.148387 0.302469
0 0.951613 0.361111 0.083871 0.166667
5 0.604839 0.351852 0.061290 0.037037
5 0.770968 0.280864 0.045161 0.030864
4 0.216129 0.367284 0.025806 0.253086
4 0.287097 0.348765 0.019355 0.216049
4 0.520968 0.277778 0.022581 0.172840
3 0.211290 0.203704 0.100000 0.061728
3 0.285484 0.191358 0.080645 0.037037
3 0.458065 0.237654 0.090323 0.043210
