6 0.760000 0.890877 0.153333 0.214669
6 0.147500 0.655635 0.058333 0.148479
6 0.410833 0.753131 0.075000 0.175313
4 0.805000 0.496422 0.066667 0.481216
4 0.170833 0.387299 0.048333 0.345259
4 0.414167 0.427549 0.045000 0.393560
3 0.820000 0.177102 0.273333 0.118068
3 0.412500 0.169052 0.268333 0.091234
3 0.175833 0.166369 0.248333 0.075134
1 0.772500 0.559928 0.375000 0.880143
1 0.413333 0.484794 0.270000 0.711986
1 0.174167 0.435599 0.241667 0.613596
5 0.421667 0.577818 0.066667 0.132379
5 0.667500 0.665474 0.111667 0.186047
