6 0.058296 0.880531 0.035874 0.061947
6 0.470852 0.867257 0.062780 0.079646
6 0.246637 0.944690 0.062780 0.084071
6 0.248879 0.849558 0.040359 0.061947
6 0.845291 0.849558 0.040359 0.070796
6 0.744395 0.345133 0.080717 0.088496
6 0.459641 0.323009 0.076233 0.061947
3 0.089686 0.588496 0.161435 0.044248
3 0.295964 0.586283 0.161435 0.048673
4 0.089686 0.730088 0.044843 0.256637
4 0.286996 0.696903 0.053812 0.190265
4 0.905830 0.679204 0.035874 0.216814
5 0.609865 0.336283 0.179372 0.044248
5 0.643498 0.294248 0.139013 0.039823
