4 0.244648 0.535714 0.030581 0.500000
4 0.389908 0.487013 0.021407 0.441558
4 0.522936 0.279221 0.024465 0.311688
6 0.380734 0.883117 0.058104 0.168831
6 0.550459 0.717532 0.036697 0.097403
6 0.639144 0.636364 0.036697 0.090909
6 0.698777 0.590909 0.027523 0.090909
6 0.426606 0.590909 0.027523 0.090909
6 0.506116 0.542208 0.039755 0.071429
6 0.567278 0.509740 0.027523 0.071429
6 0.740061 0.542208 0.030581 0.084416
6 0.614679 0.474026 0.030581 0.064935
6 0.157492 0.681818 0.033639 0.090909
6 0.782875 0.516234 0.036697 0.084416
6 0.660550 0.451299 0.030581 0.058442
5 0.186544 0.805195 0.048930 0.142857
3 0.253823 0.224026 0.195719 0.110390
3 0.405199 0.207792 0.125382 0.090909
3 0.426606 0.071429 0.070336 0.064935
3 0.599388 0.081169 0.030581 0.071429
3 0.695719 0.084416 0.039755 0.051948
4 0.434251 0.383117 0.024465 0.259740
1 0.243119 0.577922 0.217125 0.831169
