6 0.049632 0.729730 0.062500 0.118919
6 0.117647 0.743243 0.058824 0.124324
6 0.189338 0.754054 0.047794 0.113514
6 0.764706 0.813514 0.044118 0.135135
6 0.658088 0.816216 0.044118 0.129730
6 0.562500 0.800000 0.051471 0.140541
6 0.946691 0.929730 0.040441 0.140541
6 0.261029 0.762162 0.044118 0.118919
6 0.325368 0.778378 0.047794 0.129730
6 0.408088 0.775676 0.051471 0.124324
6 0.485294 0.783784 0.051471 0.140541
5 0.926471 0.821622 0.058824 0.129730
4 0.930147 0.527027 0.029412 0.340541
4 0.812500 0.497297 0.044118 0.302703
4 0.724265 0.481081 0.029412 0.302703
4 0.637868 0.467568 0.033088 0.275676
4 0.569853 0.467568 0.036765 0.264865
4 0.496324 0.456757 0.044118 0.243243
4 0.426471 0.445946 0.044118 0.243243
4 0.358456 0.445946 0.055147 0.221622
4 0.169118 0.437838 0.058824 0.248649
3 0.924632 0.283784 0.150735 0.059459
3 0.784926 0.278378 0.121324 0.081081
1 0.924632 0.624324 0.150735 0.751351
