1 0.202602 0.513298 0.249071 0.930851
6 0.191450 0.885638 0.130112 0.175532
6 0.669145 0.789894 0.089219 0.132979
6 0.449814 0.827128 0.104089 0.164894
6 0.325279 0.680851 0.033457 0.127660
6 0.113383 0.667553 0.040892 0.069149
6 0.600372 0.659574 0.048327 0.106383
6 0.806691 0.760638 0.089219 0.117021
6 0.886617 0.731383 0.070632 0.101064
3 0.282528 0.138298 0.126394 0.170213
3 0.498141 0.194149 0.104089 0.132979
3 0.680297 0.255319 0.059480 0.095745
3 0.810409 0.287234 0.059480 0.085106
3 0.890335 0.313830 0.055762 0.063830
4 0.228625 0.478723 0.048327 0.531915
4 0.466543 0.486702 0.048327 0.441489
4 0.667286 0.505319 0.040892 0.382979
4 0.804833 0.513298 0.048327 0.345745
4 0.882900 0.515957 0.040892 0.297872
