5 0.425000 0.638889 0.121429 0.055556
5 0.730357 0.727778 0.146429 0.066667
5 0.653571 0.836111 0.171429 0.061111
5 0.205357 0.908333 0.196429 0.038889
5 0.105357 0.783333 0.067857 0.144444
5 0.385714 0.900000 0.078571 0.122222
5 0.485714 0.836111 0.064286 0.105556
5 0.567857 0.741667 0.071429 0.116667
5 0.842857 0.725000 0.071429 0.127778
5 0.782143 0.858333 0.071429 0.116667
5 0.321429 0.783333 0.042857 0.100000
5 0.050000 0.933333 0.085714 0.122222
5 0.907143 0.863889 0.035714 0.116667
5 0.787500 0.641667 0.053571 0.094444
3 0.280357 0.202778 0.125000 0.061111
3 0.473214 0.219444 0.096429 0.038889
3 0.205357 0.233333 0.117857 0.055556
3 0.923214 0.183333 0.153571 0.033333
3 0.662500 0.238889 0.046429 0.077778
3 0.558929 0.202778 0.053571 0.061111
4 0.937500 0.427778 0.046429 0.411111
4 0.603571 0.355556 0.014286 0.222222
4 0.889286 0.380556 0.035714 0.294444
