4 0.565637 0.533505 0.019305 0.190722
4 0.457529 0.543814 0.019305 0.190722
4 0.322394 0.543814 0.019305 0.180412
4 0.256757 0.541237 0.011583 0.185567
4 0.395753 0.561856 0.019305 0.175258
6 0.857143 0.752577 0.038610 0.092784
6 0.208494 0.742268 0.030888 0.082474
6 0.295367 0.739691 0.027027 0.077320
6 0.467181 0.752577 0.023166 0.082474
6 0.679537 0.747423 0.030888 0.072165
6 0.737452 0.747423 0.030888 0.061856
3 0.799228 0.399485 0.084942 0.036082
3 0.252896 0.407216 0.088803 0.041237
3 0.328185 0.402062 0.092664 0.030928
3 0.642857 0.396907 0.065637 0.041237
3 0.461390 0.409794 0.088803 0.036082
3 0.552124 0.394330 0.084942 0.025773
5 0.459459 0.695876 0.038610 0.061856
5 0.583012 0.693299 0.030888 0.067010
