6 0.322394 0.897436 0.119691 0.174359
6 0.459459 0.817949 0.108108 0.148718
6 0.137066 0.707692 0.042471 0.133333
6 0.252896 0.664103 0.050193 0.107692
6 0.550193 0.746154 0.088803 0.128205
6 0.633205 0.694872 0.084942 0.107692
6 0.704633 0.641026 0.073359 0.102564
6 0.760618 0.602564 0.069498 0.097436
6 0.347490 0.617949 0.046332 0.097436
6 0.415058 0.584615 0.034749 0.092308
6 0.492278 0.551282 0.050193 0.087179
6 0.808880 0.569231 0.057915 0.092308
6 0.889961 0.510256 0.050193 0.087179
6 0.855212 0.538462 0.050193 0.082051
4 0.297297 0.458974 0.069498 0.507692
4 0.426641 0.425641 0.057915 0.441026
4 0.521236 0.400000 0.054054 0.400000
4 0.608108 0.379487 0.050193 0.358974
4 0.681467 0.346154 0.042471 0.292308
4 0.743243 0.335897 0.042471 0.271795
4 0.791506 0.323077 0.030888 0.246154
4 0.828185 0.300000 0.027027 0.220513
4 0.872587 0.289744 0.030888 0.220513
3 0.305019 0.146154 0.154440 0.087179
3 0.447876 0.146154 0.115830 0.076923
3 0.627413 0.146154 0.065637 0.066667
3 0.691120 0.151282 0.046332 0.056410
3 0.795367 0.143590 0.038610 0.051282
1 0.249035 0.551282 0.274131 0.866667
