4 0.269928 0.508242 0.047101 0.324176
4 0.394928 0.535714 0.057971 0.346154
4 0.538043 0.568681 0.061594 0.357143
6 0.239130 0.758242 0.072464 0.120879
6 0.358696 0.810440 0.072464 0.126374
6 0.490942 0.865385 0.083333 0.126374
6 0.809783 0.837912 0.076087 0.137363
6 0.652174 0.769231 0.072464 0.087912
5 0.672101 0.843407 0.184783 0.071429
5 0.402174 0.744505 0.166667 0.049451
5 0.528986 0.785714 0.173913 0.043956
3 0.275362 0.296703 0.050725 0.065934
3 0.416667 0.321429 0.065217 0.082418
3 0.567029 0.340659 0.076087 0.120879
1 0.657609 0.601648 0.409420 0.653846
