6 0.373684 0.877034 0.155263 0.206148
6 0.882237 0.871609 0.106579 0.213382
6 0.089474 0.575045 0.042105 0.072333
6 0.167105 0.584087 0.044737 0.068716
6 0.260526 0.582278 0.042105 0.072333
6 0.348684 0.585895 0.042105 0.075949
6 0.438158 0.590416 0.042105 0.074141
6 0.521053 0.566908 0.042105 0.074141
3 0.790789 0.102170 0.239474 0.132007
4 0.817105 0.443942 0.115789 0.576854
5 0.635526 0.872514 0.376316 0.074141
4 0.155921 0.428571 0.053947 0.213382
4 0.244737 0.435805 0.057895 0.242315
4 0.336184 0.432188 0.053947 0.220615
4 0.417763 0.427667 0.046053 0.218807
3 0.150000 0.301989 0.084211 0.021700
3 0.334868 0.301085 0.061842 0.045208
3 0.419737 0.306510 0.044737 0.048825
3 0.500000 0.305606 0.065789 0.039783
