3 0.169884 0.157216 0.123552 0.118557
3 0.399614 0.172680 0.042471 0.097938
3 0.517375 0.190722 0.054054 0.082474
3 0.592664 0.193299 0.057915 0.056701
3 0.648649 0.198454 0.054054 0.056701
3 0.741313 0.206186 0.084942 0.051546
1 0.368726 0.510309 0.513514 0.824742
5 0.403475 0.783505 0.220077 0.164948
5 0.544402 0.680412 0.162162 0.123711
5 0.627413 0.605670 0.150579 0.077320
6 0.243243 0.693299 0.069498 0.108247
6 0.571429 0.847938 0.100386 0.149485
6 0.395753 0.618557 0.073359 0.103093
6 0.689189 0.721649 0.096525 0.144330
6 0.754826 0.628866 0.073359 0.113402
6 0.492278 0.567010 0.065637 0.082474
6 0.557915 0.523196 0.042471 0.067010
6 0.617761 0.492268 0.030888 0.056701
4 0.231660 0.420103 0.077220 0.376289
4 0.411197 0.394330 0.050193 0.324742
4 0.517375 0.360825 0.030888 0.247423
4 0.584942 0.337629 0.034749 0.201031
