5 0.441667 0.806548 0.123333 0.053571
5 0.665000 0.758929 0.103333 0.041667
5 0.748333 0.693452 0.103333 0.029762
6 0.423333 0.886905 0.060000 0.154762
6 0.271667 0.821429 0.043333 0.154762
6 0.543333 0.836310 0.073333 0.136905
6 0.743333 0.767857 0.040000 0.095238
4 0.268333 0.559524 0.036667 0.345238
4 0.525000 0.544643 0.030000 0.303571
3 0.243333 0.321429 0.146667 0.071429
1 0.311667 0.625000 0.283333 0.666667
6 0.816667 0.747024 0.053333 0.089286
6 0.865000 0.699405 0.036667 0.077381
6 0.653333 0.714286 0.046667 0.071429
6 0.565000 0.741071 0.036667 0.065476
4 0.658333 0.541667 0.016667 0.226190
4 0.728333 0.544643 0.023333 0.172619
