6 0.596525 0.747423 0.050193 0.072165
0 0.546332 0.783505 0.119691 0.082474
0 0.382239 0.726804 0.069498 0.061856
3 0.770270 0.476804 0.135135 0.046392
3 0.571429 0.476804 0.092664 0.067010
3 0.393822 0.461340 0.084942 0.046392
3 0.285714 0.461340 0.092664 0.036082
3 0.096525 0.445876 0.061776 0.025773
4 0.776062 0.652062 0.038610 0.283505
4 0.600386 0.613402 0.050193 0.195876
4 0.418919 0.579897 0.042471 0.170103
4 0.308880 0.564433 0.054054 0.170103
4 0.220077 0.556701 0.046332 0.154639
4 0.171815 0.543814 0.034749 0.128866
4 0.119691 0.538660 0.046332 0.139175
5 0.839768 0.850515 0.127413 0.113402
5 0.675676 0.791237 0.108108 0.087629
6 0.752896 0.855670 0.054054 0.082474
