3 0.278182 0.060109 0.047273 0.032787
3 0.638182 0.226776 0.214545 0.103825
3 0.449091 0.076503 0.098182 0.054645
6 0.405455 0.390710 0.032727 0.081967
6 0.307273 0.297814 0.032727 0.071038
6 0.218182 0.295082 0.029091 0.065574
6 0.525455 0.803279 0.054545 0.153005
6 0.812727 0.928962 0.112727 0.142077
4 0.280000 0.172131 0.029091 0.136612
4 0.587273 0.508197 0.112727 0.393443
6 0.494545 0.349727 0.021818 0.076503
5 0.258182 0.303279 0.058182 0.027322
1 0.265455 0.191257 0.116364 0.284153
1 0.450909 0.237705 0.116364 0.377049
1 0.681818 0.584699 0.374545 0.808743
