5 0.705172 0.479885 0.065517 0.040230
5 0.896552 0.482759 0.075862 0.057471
6 0.482759 0.879310 0.158621 0.241379
6 0.341379 0.471264 0.048276 0.080460
6 0.532759 0.485632 0.044828 0.086207
6 0.644828 0.479885 0.041379 0.086207
6 0.832759 0.502874 0.037931 0.097701
6 0.756897 0.500000 0.031034 0.091954
6 0.944828 0.462644 0.034483 0.074713
4 0.927586 0.278736 0.034483 0.224138
4 0.817241 0.293103 0.027586 0.241379
4 0.753448 0.301724 0.051724 0.235632
4 0.636207 0.281609 0.044828 0.229885
4 0.472414 0.290230 0.041379 0.212644
6 0.496552 0.459770 0.034483 0.057471
5 0.277586 0.456897 0.079310 0.040230
