3 0.187259 0.330769 0.173745 0.056410
3 0.345560 0.315385 0.119691 0.046154
3 0.467181 0.310256 0.092664 0.035897
3 0.559846 0.300000 0.069498 0.035897
3 0.884170 0.269231 0.054054 0.025641
3 0.642857 0.292308 0.065637 0.041026
3 0.706564 0.292308 0.061776 0.030769
6 0.361004 0.776923 0.057915 0.087179
6 0.465251 0.741026 0.050193 0.087179
6 0.569498 0.658974 0.050193 0.076923
6 0.631274 0.630769 0.034749 0.061538
6 0.716216 0.574359 0.042471 0.061538
6 0.768340 0.546154 0.038610 0.056410
6 0.849421 0.497436 0.038610 0.051282
0 0.623552 0.902564 0.166023 0.143590
0 0.749035 0.764103 0.123552 0.143590
0 0.870656 0.656410 0.096525 0.102564
0 0.961390 0.561538 0.077220 0.128205
1 0.872587 0.364103 0.077220 0.215385
4 0.866795 0.346154 0.050193 0.107692
