1 0.741313 0.376289 0.077220 0.432990
1 0.183398 0.497423 0.312741 0.747423
6 0.117761 0.626289 0.042471 0.108247
6 0.312741 0.600515 0.061776 0.097938
6 0.245174 0.556701 0.065637 0.092784
6 0.579151 0.582474 0.069498 0.092784
6 0.503861 0.525773 0.057915 0.072165
6 0.299228 0.793814 0.073359 0.144330
4 0.127413 0.394330 0.054054 0.324742
4 0.739382 0.314433 0.027027 0.195876
5 0.471042 0.592784 0.138996 0.061856
5 0.428571 0.538660 0.084942 0.025773
5 0.743243 0.497423 0.042471 0.067010
6 0.750965 0.543814 0.034749 0.087629
4 0.301158 0.353093 0.069498 0.262887
3 0.407336 0.190722 0.081081 0.072165
3 0.138996 0.182990 0.223938 0.097938
3 0.745174 0.190722 0.046332 0.051546
