4 0.081081 0.279487 0.054054 0.343590
4 0.333977 0.402564 0.081081 0.528205
4 0.465251 0.261538 0.034749 0.225641
3 0.397683 0.084615 0.362934 0.158974
3 0.071429 0.053846 0.135135 0.097436
6 0.621622 0.379487 0.046332 0.061538
6 0.086873 0.528205 0.057915 0.102564
6 0.287645 0.812821 0.065637 0.189744
6 0.386100 0.571795 0.061776 0.097436
6 0.631274 0.589744 0.065637 0.102564
6 0.528958 0.551282 0.046332 0.097436
6 0.774131 0.358974 0.042471 0.061538
4 0.652510 0.192308 0.023166 0.158974
1 0.438224 0.456410 0.436293 0.902564
5 0.720077 0.315385 0.081081 0.025641
5 0.708494 0.358974 0.096525 0.030769
5 0.223938 0.543590 0.169884 0.082051
