3 0.785714 0.182990 0.158301 0.067010
3 0.152510 0.188144 0.173745 0.056701
3 0.517375 0.203608 0.216216 0.046392
3 0.389961 0.159794 0.123552 0.041237
6 0.401544 0.896907 0.077220 0.123711
6 0.181467 0.724227 0.046332 0.097938
6 0.561776 0.850515 0.050193 0.123711
6 0.818533 0.786082 0.077220 0.108247
6 0.413127 0.543814 0.023166 0.056701
6 0.575290 0.525773 0.046332 0.061856
4 0.173745 0.404639 0.061776 0.304124
4 0.407336 0.355670 0.042471 0.216495
4 0.527027 0.489691 0.050193 0.453608
4 0.803089 0.466495 0.077220 0.427835
4 0.341699 0.543814 0.127413 0.479381
1 0.150579 0.420103 0.169884 0.500000
