3 0.089091 0.240437 0.112727 0.131148
3 0.334545 0.191257 0.109091 0.109290
3 0.518182 0.153005 0.120000 0.087432
3 0.667273 0.120219 0.134545 0.076503
3 0.781818 0.092896 0.123636 0.065574
3 0.947273 0.051913 0.105455 0.060109
4 0.125455 0.581967 0.061818 0.519126
4 0.356364 0.489071 0.036364 0.464481
4 0.534545 0.423497 0.043636 0.398907
4 0.663636 0.368852 0.040000 0.366120
4 0.774545 0.314208 0.043636 0.322404
4 0.852727 0.289617 0.032727 0.295082
4 0.930909 0.243169 0.036364 0.267760
6 0.330909 0.877049 0.101818 0.147541
6 0.509091 0.754098 0.080000 0.142077
6 0.636364 0.680328 0.065455 0.114754
6 0.743636 0.606557 0.061818 0.109290
6 0.830909 0.543716 0.054545 0.081967
6 0.900000 0.491803 0.047273 0.087432
6 0.963636 0.442623 0.043636 0.087432
1 0.378182 0.540984 0.196364 0.808743
1 0.525455 0.467213 0.156364 0.715847
1 0.667273 0.409836 0.134545 0.655738
1 0.178182 0.590164 0.290909 0.819672
