5 0.857895 0.850282 0.073684 0.039548
5 0.377193 0.765537 0.087719 0.039548
5 0.728070 0.802260 0.073684 0.045198
6 0.296491 0.762712 0.052632 0.090395
6 0.219298 0.723164 0.052632 0.090395
6 0.461404 0.745763 0.038596 0.079096
6 0.663158 0.802260 0.049123 0.101695
6 0.131579 0.683616 0.045614 0.079096
6 0.580702 0.765537 0.045614 0.084746
6 0.917544 0.833333 0.031579 0.096045
6 0.847368 0.700565 0.024561 0.067797
6 0.091228 0.661017 0.049123 0.079096
6 0.054386 0.629944 0.038596 0.073446
6 0.759649 0.709040 0.017544 0.050847
6 0.396491 0.703390 0.028070 0.062147
6 0.549123 0.624294 0.031579 0.062147
4 0.903509 0.635593 0.038596 0.254237
4 0.831579 0.559322 0.028070 0.180791
4 0.778947 0.570621 0.028070 0.180791
4 0.433333 0.528249 0.024561 0.163842
4 0.289474 0.494350 0.038596 0.163842
4 0.366667 0.511299 0.038596 0.152542
3 0.896491 0.468927 0.101754 0.056497
3 0.287719 0.375706 0.042105 0.039548
3 0.763158 0.440678 0.080702 0.045198
4 0.636842 0.505650 0.017544 0.152542
4 0.671930 0.542373 0.024561 0.169492
4 0.515789 0.480226 0.021053 0.169492
4 0.587719 0.533898 0.031579 0.175141
5 0.535088 0.714689 0.066667 0.028249
5 0.305263 0.723164 0.091228 0.033898
5 0.652632 0.663842 0.049123 0.028249
5 0.640351 0.745763 0.052632 0.033898
