5 0.795635 0.820000 0.130952 0.030000
5 0.496032 0.745000 0.126984 0.020000
5 0.365079 0.717500 0.119048 0.015000
5 0.251984 0.690000 0.130952 0.020000
6 0.892857 0.817500 0.063492 0.075000
6 0.125000 0.705000 0.051587 0.060000
6 0.357143 0.770000 0.055556 0.080000
6 0.230159 0.737500 0.055556 0.065000
6 0.630952 0.840000 0.071429 0.090000
6 0.488095 0.807500 0.071429 0.085000
6 0.728175 0.762500 0.051587 0.075000
6 0.599206 0.742500 0.055556 0.075000
6 0.466270 0.710000 0.051587 0.070000
3 0.698413 0.392500 0.047619 0.055000
3 0.541667 0.385000 0.083333 0.040000
3 0.410714 0.370000 0.051587 0.030000
4 0.150794 0.505000 0.055556 0.210000
4 0.251984 0.522500 0.051587 0.215000
4 0.390873 0.512500 0.043651 0.205000
4 0.525794 0.545000 0.059524 0.230000
4 0.682540 0.572500 0.071429 0.265000
1 0.765873 0.617500 0.325397 0.505000
