1 0.324490 0.570388 0.526531 0.762136
1 0.706122 0.339806 0.408163 0.514563
6 0.116327 0.728155 0.102041 0.145631
6 0.244898 0.606796 0.089796 0.126214
6 0.516327 0.871359 0.134694 0.140777
6 0.591837 0.711165 0.114286 0.131068
6 0.863265 0.553398 0.085714 0.087379
6 0.538776 0.509709 0.057143 0.097087
4 0.840816 0.313107 0.057143 0.325243
4 0.475510 0.538835 0.085714 0.446602
4 0.569388 0.429612 0.069388 0.373786
3 0.477551 0.233010 0.106122 0.087379
3 0.579592 0.165049 0.106122 0.077670
3 0.830612 0.109223 0.053061 0.043689
5 0.697959 0.536408 0.204082 0.053398
