4 0.833333 0.475556 0.040000 0.408889
4 0.195556 0.557778 0.080000 0.351111
4 0.513333 0.548889 0.048889 0.404444
6 0.822222 0.831111 0.062222 0.151111
6 0.500000 0.837778 0.057778 0.128889
6 0.231111 0.831111 0.071111 0.106667
5 0.782222 0.604444 0.097778 0.186667
5 0.515556 0.626667 0.080000 0.213333
5 0.284444 0.628889 0.080000 0.191111
3 0.522222 0.275556 0.360000 0.106667
3 0.153333 0.315556 0.288889 0.080000
3 0.826667 0.202222 0.346667 0.102222
1 0.177778 0.591111 0.346667 0.640000
1 0.513333 0.566667 0.377778 0.653333
1 0.826667 0.528889 0.346667 0.746667
