1 0.805000 0.550595 0.170000 0.541667
6 0.861667 0.752976 0.056667 0.136905
6 0.260000 0.848214 0.053333 0.101190
6 0.331667 0.886905 0.056667 0.107143
6 0.526667 0.889881 0.060000 0.101190
6 0.740000 0.687500 0.033333 0.101190
3 0.843333 0.306548 0.093333 0.053571
3 0.278333 0.505952 0.036667 0.047619
3 0.355000 0.508929 0.036667 0.041667
4 0.278333 0.663690 0.030000 0.208333
4 0.355000 0.681548 0.030000 0.232143
4 0.845000 0.491071 0.036667 0.279762
5 0.443333 0.875000 0.100000 0.059524
5 0.781667 0.708333 0.056667 0.059524
