6 0.656489 0.849741 0.038168 0.134715
6 0.791985 0.764249 0.026718 0.077720
6 0.561069 0.813472 0.022901 0.082902
6 0.339695 0.738342 0.038168 0.077720
6 0.627863 0.725389 0.026718 0.062176
6 0.421756 0.753886 0.034351 0.067358
3 0.725191 0.375648 0.137405 0.067358
3 0.610687 0.398964 0.091603 0.041451
3 0.408397 0.443005 0.099237 0.046632
1 0.721374 0.626943 0.167939 0.580311
4 0.696565 0.562176 0.041985 0.253886
4 0.597328 0.554404 0.034351 0.227979
4 0.381679 0.559585 0.045802 0.155440
4 0.463740 0.559585 0.034351 0.155440
4 0.534351 0.564767 0.038168 0.186528
6 0.498092 0.774611 0.026718 0.077720
