4 0.229478 0.492021 0.055970 0.547872
4 0.462687 0.481383 0.044776 0.441489
4 0.667910 0.502660 0.044776 0.388298
4 0.800373 0.507979 0.033582 0.335106
4 0.884328 0.510638 0.037313 0.297872
6 0.194030 0.882979 0.119403 0.180851
6 0.451493 0.829787 0.104478 0.159574
6 0.667910 0.795213 0.089552 0.132979
6 0.804104 0.757979 0.078358 0.111702
6 0.889925 0.728723 0.070896 0.106383
1 0.212687 0.507979 0.276119 0.920213
1 0.432836 0.518617 0.246269 0.781915
3 0.281716 0.140957 0.138060 0.164894
3 0.500000 0.199468 0.104478 0.122340
3 0.692164 0.250000 0.063433 0.106383
3 0.813433 0.287234 0.059701 0.085106
3 0.891791 0.313830 0.059701 0.085106
