1 0.472973 0.507732 0.181467 0.252577
6 0.418919 0.706186 0.042471 0.072165
6 0.094595 0.786082 0.073359 0.087629
6 0.204633 0.791237 0.054054 0.077320
6 0.509653 0.541237 0.030888 0.041237
6 0.602317 0.587629 0.030888 0.051546
6 0.403475 0.618557 0.034749 0.041237
6 0.337838 0.628866 0.042471 0.051546
6 0.640927 0.484536 0.023166 0.030928
5 0.332046 0.739691 0.138996 0.056701
5 0.482625 0.608247 0.115830 0.041237
5 0.600386 0.481959 0.065637 0.015464
3 0.272201 0.466495 0.104247 0.056701
3 0.432432 0.404639 0.054054 0.046392
3 0.121622 0.453608 0.065637 0.072165
3 0.525097 0.342784 0.038610 0.025773
