6 0.200644 0.825373 0.096567 0.134328
6 0.473176 0.686567 0.057940 0.101493
6 0.518240 0.586567 0.036481 0.080597
6 0.591202 0.504478 0.032189 0.053731
6 0.456009 0.550746 0.040773 0.068657
6 0.648069 0.525373 0.030043 0.071642
6 0.672747 0.682090 0.045064 0.098507
6 0.785408 0.729851 0.055794 0.116418
6 0.805794 0.583582 0.032189 0.086567
6 0.907725 0.622388 0.030043 0.092537
3 0.797210 0.283582 0.118026 0.035821
3 0.615880 0.265672 0.098712 0.047761
3 0.910944 0.292537 0.156652 0.059701
3 0.542918 0.259701 0.051502 0.047761
4 0.790773 0.429851 0.023605 0.208955
4 0.900215 0.450746 0.027897 0.220896
