3 0.722008 0.510309 0.084942 0.041237
3 0.349421 0.487113 0.057915 0.036082
3 0.407336 0.463918 0.027027 0.030928
6 0.359073 0.762887 0.054054 0.072165
6 0.679537 0.757732 0.023166 0.061856
4 0.718147 0.600515 0.023166 0.139175
4 0.349421 0.613402 0.034749 0.164948
4 0.411197 0.533505 0.019305 0.077320
6 0.264479 0.713918 0.027027 0.056701
6 0.150579 0.546392 0.023166 0.030928
6 0.245174 0.543814 0.027027 0.025773
0 0.554054 0.902062 0.189189 0.092784
0 0.627413 0.690722 0.111969 0.061856
0 0.814672 0.780928 0.177606 0.108247
0 0.683398 0.850515 0.169884 0.061856
1 0.320463 0.634021 0.131274 0.319588
1 0.716216 0.639175 0.096525 0.288660
1 0.131274 0.481959 0.054054 0.128866
1 0.218147 0.492268 0.073359 0.108247
