3 0.250765 0.211039 0.201835 0.097403
3 0.405199 0.201299 0.119266 0.090909
3 0.426606 0.074675 0.070336 0.058442
3 0.530581 0.074675 0.027523 0.058442
3 0.599388 0.074675 0.030581 0.058442
3 0.694190 0.081169 0.036697 0.058442
6 0.383792 0.883117 0.058104 0.155844
6 0.551988 0.714286 0.039755 0.103896
6 0.425076 0.597403 0.030581 0.077922
6 0.504587 0.532468 0.030581 0.077922
6 0.629969 0.629870 0.036697 0.077922
6 0.694190 0.594156 0.036697 0.084416
6 0.160550 0.685065 0.033639 0.084416
6 0.267584 0.681818 0.033639 0.142857
6 0.567278 0.503247 0.027523 0.058442
6 0.614679 0.477273 0.030581 0.058442
6 0.784404 0.519481 0.033639 0.077922
6 0.738532 0.538961 0.033639 0.077922
6 0.660550 0.454545 0.030581 0.051948
4 0.241590 0.522727 0.030581 0.512987
4 0.389908 0.490260 0.027523 0.448052
4 0.438838 0.311688 0.015291 0.389610
4 0.522936 0.288961 0.030581 0.331169
4 0.588685 0.269481 0.027523 0.266234
4 0.634557 0.259740 0.027523 0.259740
1 0.244648 0.577922 0.214067 0.844156
1 0.483180 0.399351 0.177370 0.720779
