5 0.700000 0.861582 0.249123 0.118644
5 0.677193 0.765537 0.231579 0.096045
4 0.894737 0.471751 0.077193 0.446328
6 0.045614 0.706215 0.084211 0.169492
6 0.112281 0.649718 0.077193 0.146893
6 0.207018 0.559322 0.077193 0.124294
6 0.503509 0.816384 0.094737 0.163842
6 0.270175 0.485876 0.056140 0.079096
6 0.494737 0.632768 0.084211 0.079096
6 0.554386 0.401130 0.042105 0.067797
6 0.378947 0.395480 0.042105 0.067797
6 0.315789 0.299435 0.035088 0.056497
6 0.440351 0.296610 0.031579 0.073446
3 0.898246 0.163842 0.189474 0.112994
5 0.645614 0.694915 0.182456 0.056497
5 0.670175 0.641243 0.140351 0.039548
5 0.678947 0.604520 0.129825 0.033898
6 0.942105 0.892655 0.108772 0.192090
6 0.554386 0.598870 0.077193 0.067797
6 0.607018 0.240113 0.028070 0.039548
