5 0.717466 0.656977 0.160959 0.139535
5 0.820205 0.375000 0.085616 0.063953
3 0.243151 0.226744 0.205479 0.139535
3 0.551370 0.174419 0.198630 0.093023
4 0.558219 0.468023 0.047945 0.517442
4 0.296233 0.511628 0.085616 0.395349
6 0.751712 0.328488 0.037671 0.075581
6 0.852740 0.735465 0.089041 0.156977
6 0.890411 0.406977 0.047945 0.093023
6 0.590753 0.569767 0.051370 0.116279
1 0.556507 0.558140 0.202055 0.872093
1 0.825342 0.232558 0.178082 0.430233
3 0.804795 0.040698 0.061644 0.034884
3 0.527397 0.066860 0.075342 0.052326
