6 0.794007 0.605820 0.059925 0.089947
6 0.705993 0.865079 0.101124 0.185185
6 0.423221 0.809524 0.067416 0.126984
6 0.458801 0.671958 0.048689 0.095238
6 0.524345 0.621693 0.044944 0.079365
6 0.670412 0.550265 0.029963 0.052910
4 0.786517 0.444444 0.022472 0.201058
4 0.192884 0.476190 0.071161 0.772487
4 0.402622 0.500000 0.048689 0.439153
3 0.177903 0.047619 0.333333 0.084656
3 0.353933 0.198413 0.213483 0.121693
3 0.492509 0.269841 0.116105 0.074074
3 0.576779 0.296296 0.082397 0.052910
4 0.494382 0.439153 0.044944 0.253968
