1 0.678333 0.809524 0.096667 0.297619
1 0.851667 0.708333 0.083333 0.166667
1 0.285000 0.604167 0.196667 0.648810
1 0.406667 0.511905 0.120000 0.583333
1 0.715000 0.238095 0.076667 0.357143
5 0.856667 0.767857 0.040000 0.011905
3 0.228333 0.318452 0.090000 0.077381
3 0.431667 0.261905 0.070000 0.071429
3 0.586667 0.666667 0.046667 0.035714
3 0.676667 0.684524 0.066667 0.047619
3 0.716667 0.068452 0.066667 0.029762
6 0.365000 0.869048 0.050000 0.119048
6 0.413333 0.750000 0.053333 0.107143
6 0.245000 0.794643 0.056667 0.125000
6 0.358333 0.684524 0.016667 0.095238
6 0.558333 0.836310 0.023333 0.041667
6 0.640000 0.931548 0.026667 0.065476
6 0.705000 0.389881 0.023333 0.053571
6 0.820000 0.776786 0.020000 0.041667
6 0.718333 0.898810 0.016667 0.059524
6 0.891667 0.779762 0.023333 0.047619
4 0.713333 0.229167 0.013333 0.255952
4 0.876667 0.702381 0.020000 0.083333
