4 0.110039 0.407216 0.065637 0.319588
4 0.274131 0.404639 0.038610 0.335052
4 0.546332 0.363402 0.034749 0.252577
4 0.725869 0.337629 0.030888 0.211340
6 0.256757 0.909794 0.081081 0.149485
6 0.254826 0.626289 0.069498 0.087629
6 0.521236 0.755155 0.092664 0.139175
6 0.749035 0.667526 0.069498 0.108247
6 0.702703 0.481959 0.038610 0.056701
6 0.959459 0.757732 0.081081 0.113402
6 0.901544 0.564433 0.057915 0.077320
6 0.940154 0.456186 0.050193 0.067010
6 0.758687 0.435567 0.034749 0.046392
2 0.501931 0.548969 0.285714 0.283505
3 0.084942 0.208763 0.162162 0.067010
3 0.235521 0.180412 0.123552 0.103093
3 0.546332 0.201031 0.081081 0.051546
3 0.772201 0.164948 0.092664 0.041237
3 0.810811 0.221649 0.131274 0.051546
5 0.849421 0.445876 0.108108 0.046392
1 0.148649 0.574742 0.289575 0.809278
1 0.874517 0.502577 0.250965 0.613402
4 0.718147 0.337629 0.030888 0.170103
