5 0.555985 0.662371 0.046332 0.087629
5 0.471042 0.646907 0.046332 0.087629
6 0.310811 0.734536 0.042471 0.108247
6 0.135135 0.719072 0.046332 0.077320
6 0.218147 0.731959 0.050193 0.072165
6 0.472973 0.729381 0.034749 0.077320
6 0.561776 0.739691 0.042471 0.087629
6 0.667954 0.747423 0.038610 0.082474
6 0.781853 0.742268 0.034749 0.103093
6 0.889961 0.752577 0.034749 0.092784
3 0.301158 0.273196 0.123552 0.072165
3 0.725869 0.242268 0.146718 0.051546
3 0.861004 0.237113 0.138996 0.061856
3 0.503861 0.244845 0.127413 0.067010
3 0.611969 0.257732 0.135135 0.051546
4 0.633205 0.445876 0.030888 0.221649
4 0.345560 0.443299 0.065637 0.195876
4 0.451737 0.432990 0.046332 0.195876
4 0.735521 0.409794 0.027027 0.221649
4 0.839768 0.386598 0.027027 0.185567
4 0.528958 0.402062 0.054054 0.237113
