3 0.817778 0.362222 0.195556 0.066667
3 0.217778 0.353333 0.222222 0.066667
3 0.371111 0.351111 0.208889 0.053333
3 0.524444 0.360000 0.213333 0.062222
3 0.668889 0.364444 0.200000 0.071111
6 0.124444 0.817778 0.071111 0.142222
6 0.280000 0.831111 0.071111 0.142222
6 0.426667 0.842222 0.088889 0.137778
6 0.568889 0.853333 0.097778 0.142222
6 0.722222 0.864444 0.084444 0.146667
4 0.188889 0.548889 0.057778 0.288889
4 0.328889 0.557778 0.062222 0.306667
4 0.480000 0.562222 0.053333 0.271111
4 0.628889 0.562222 0.066667 0.280000
4 0.766667 0.571111 0.057778 0.324444
6 0.368889 0.648889 0.053333 0.071111
6 0.822222 0.673333 0.044444 0.066667
6 0.708889 0.664444 0.040000 0.057778
