6 0.159539 0.668675 0.036184 0.072289
6 0.233553 0.695783 0.039474 0.078313
6 0.406250 0.750000 0.042763 0.078313
6 0.521382 0.792169 0.049342 0.090361
6 0.712171 0.831325 0.049342 0.096386
6 0.922697 0.816265 0.049342 0.102410
6 0.761513 0.813253 0.042763 0.096386
6 0.302632 0.683735 0.032895 0.078313
6 0.963816 0.798193 0.039474 0.102410
5 0.822368 0.810241 0.144737 0.030120
5 0.616776 0.774096 0.128289 0.030120
5 0.490132 0.719880 0.111842 0.018072
5 0.233553 0.653614 0.105263 0.030120
3 0.672697 0.421687 0.042763 0.060241
3 0.542763 0.400602 0.052632 0.054217
3 0.917763 0.415663 0.032895 0.072289
3 0.878289 0.427711 0.039474 0.072289
4 0.386513 0.527108 0.023026 0.198795
4 0.450658 0.503012 0.026316 0.162651
4 0.555921 0.527108 0.019737 0.150602
4 0.304276 0.512048 0.029605 0.180723
4 0.694079 0.590361 0.039474 0.216867
4 0.889803 0.596386 0.036184 0.228916
4 0.935855 0.590361 0.055921 0.228916
