6 0.726962 0.834302 0.088737 0.133721
6 0.573379 0.912791 0.102389 0.174419
6 0.839590 0.764535 0.075085 0.110465
6 0.924915 0.706395 0.061433 0.110465
3 0.221843 0.194767 0.211604 0.075581
3 0.561433 0.058140 0.085324 0.093023
3 0.723549 0.110465 0.081911 0.081395
3 0.860068 0.159884 0.068259 0.075581
3 0.940273 0.188953 0.051195 0.052326
4 0.240614 0.578488 0.058020 0.622093
4 0.590444 0.462209 0.027304 0.598837
4 0.738908 0.441860 0.037543 0.523256
4 0.860068 0.433140 0.034130 0.412791
4 0.941980 0.430233 0.027304 0.348837
