3 0.131274 0.438144 0.123552 0.257732
3 0.357143 0.306701 0.127413 0.118557
3 0.511583 0.265464 0.073359 0.087629
3 0.625483 0.231959 0.115830 0.051546
6 0.517375 0.623711 0.069498 0.061856
6 0.677606 0.912371 0.104247 0.123711
6 0.776062 0.734536 0.077220 0.097938
6 0.832046 0.605670 0.065637 0.067010
6 0.681467 0.479381 0.057915 0.061856
6 0.388031 0.742268 0.050193 0.082474
6 0.915058 0.556701 0.077220 0.103093
4 0.388031 0.492268 0.027027 0.231959
4 0.523166 0.417526 0.027027 0.195876
4 0.200772 0.605670 0.061776 0.273196
