1 0.340206 0.689189 0.628866 0.536680
6 0.592784 0.911197 0.144330 0.108108
6 0.085052 0.855212 0.118557 0.096525
6 0.283505 0.710425 0.103093 0.077220
6 0.677835 0.727799 0.108247 0.073359
6 0.358247 0.642857 0.087629 0.065637
6 0.698454 0.638996 0.067010 0.073359
6 0.414948 0.579151 0.067010 0.054054
6 0.713918 0.523166 0.056701 0.050193
6 0.469072 0.523166 0.041237 0.050193
3 0.538660 0.652510 0.118557 0.332046
3 0.623711 0.557915 0.061856 0.181467
5 0.324742 0.876448 0.298969 0.054054
5 0.469072 0.718147 0.226804 0.038610
5 0.502577 0.648649 0.180412 0.030888
5 0.541237 0.584942 0.154639 0.027027
