6 0.756364 0.852459 0.116364 0.174863
6 0.309091 0.838798 0.094545 0.125683
6 0.452727 0.767760 0.090909 0.114754
6 0.550909 0.710383 0.076364 0.098361
6 0.629091 0.669399 0.058182 0.071038
5 0.456364 0.890710 0.192727 0.109290
4 0.318182 0.431694 0.032727 0.513661
4 0.463636 0.431694 0.040000 0.404372
4 0.576364 0.434426 0.032727 0.366120
4 0.647273 0.434426 0.029091 0.289617
3 0.294545 0.133880 0.087273 0.081967
3 0.452727 0.177596 0.069091 0.071038
3 0.576364 0.210383 0.061818 0.049180
3 0.650909 0.245902 0.043636 0.043716
