4 0.457529 0.427835 0.088803 0.443299
4 0.590734 0.404639 0.084942 0.314433
6 0.554054 0.827320 0.119691 0.170103
6 0.123552 0.742268 0.123552 0.154639
6 0.320463 0.644330 0.092664 0.113402
6 0.646718 0.677835 0.073359 0.108247
6 0.681467 0.476804 0.034749 0.046392
6 0.839768 0.484536 0.034749 0.051546
5 0.303089 0.788660 0.235521 0.103093
5 0.472973 0.657216 0.181467 0.067010
5 0.758687 0.492268 0.096525 0.015464
3 0.455598 0.108247 0.154440 0.144330
3 0.577220 0.180412 0.150579 0.092784
3 0.814672 0.257732 0.077220 0.030928
1 0.333977 0.481959 0.552124 0.871134
1 0.764479 0.391753 0.185328 0.237113
