3 0.562950 0.055249 0.068345 0.077348
3 0.778777 0.041436 0.082734 0.071823
3 0.789568 0.174033 0.154676 0.082873
2 0.399281 0.585635 0.223022 0.419890
6 0.696043 0.472376 0.039568 0.082873
6 0.586331 0.406077 0.035971 0.060773
6 0.818345 0.516575 0.025180 0.127072
6 0.802158 0.834254 0.071942 0.143646
6 0.748201 0.406077 0.043165 0.082873
6 0.904676 0.635359 0.032374 0.121547
1 0.625899 0.270718 0.179856 0.486188
4 0.582734 0.215470 0.028777 0.232044
4 0.791367 0.248619 0.028777 0.309392
1 0.776978 0.292818 0.115108 0.552486
