6 0.176724 0.873853 0.137931 0.151376
6 0.413793 0.623853 0.068966 0.100917
6 0.629310 0.759174 0.094828 0.142202
6 0.737069 0.591743 0.077586 0.091743
6 0.646552 0.465596 0.034483 0.059633
6 0.890086 0.481651 0.064655 0.055046
3 0.303879 0.270642 0.150862 0.110092
3 0.547414 0.201835 0.198276 0.082569
3 0.700431 0.178899 0.125000 0.027523
1 0.775862 0.334862 0.310345 0.348624
1 0.403017 0.580275 0.581897 0.729358
1 0.590517 0.408257 0.396552 0.495413
4 0.278017 0.529817 0.133621 0.399083
4 0.497845 0.380734 0.107759 0.266055
5 0.607759 0.605505 0.172414 0.036697
5 0.786638 0.472477 0.133621 0.036697
