6 0.454545 0.786885 0.087273 0.163934
6 0.552727 0.743169 0.080000 0.163934
6 0.640000 0.707650 0.080000 0.158470
6 0.867273 0.595628 0.076364 0.131148
6 0.789091 0.631148 0.065455 0.125683
6 0.196364 0.680328 0.072727 0.136612
6 0.301818 0.633880 0.065455 0.109290
6 0.714545 0.674863 0.076364 0.136612
3 0.274545 0.133880 0.149091 0.060109
3 0.369091 0.125683 0.105455 0.054645
3 0.463636 0.122951 0.069091 0.060109
3 0.541818 0.114754 0.072727 0.054645
3 0.616364 0.112022 0.061818 0.049180
3 0.692727 0.106557 0.054545 0.060109
6 0.396364 0.595628 0.065455 0.098361
6 0.561818 0.540984 0.054545 0.087432
6 0.638182 0.510929 0.047273 0.081967
5 0.320000 0.751366 0.152727 0.103825
4 0.254545 0.374317 0.065455 0.409836
4 0.354545 0.363388 0.061818 0.366120
