4 0.632780 0.657895 0.062241 0.387560
6 0.400415 0.870813 0.045643 0.095694
6 0.304979 0.808612 0.037344 0.076555
6 0.251037 0.770335 0.037344 0.076555
6 0.199170 0.734450 0.033195 0.052632
6 0.163900 0.710526 0.020747 0.043062
6 0.132780 0.691388 0.024896 0.043062
6 0.087137 0.660287 0.024896 0.038278
6 0.850622 0.906699 0.066390 0.090909
6 0.520747 0.777512 0.045643 0.062201
6 0.369295 0.710526 0.033195 0.043062
1 0.713693 0.691388 0.331950 0.617225
3 0.672199 0.421053 0.224066 0.066986
3 0.485477 0.437799 0.149378 0.052632
3 0.371369 0.454545 0.112033 0.038278
