1 0.577220 0.690722 0.250965 0.536082
6 0.472973 0.750000 0.042471 0.087629
6 0.664093 0.891753 0.077220 0.123711
6 0.776062 0.798969 0.069498 0.092784
6 0.588803 0.698454 0.042471 0.077320
6 0.835907 0.739691 0.057915 0.077320
6 0.951737 0.682990 0.057915 0.067010
6 0.884170 0.711340 0.054054 0.072165
3 0.660232 0.448454 0.061776 0.030928
3 0.764479 0.432990 0.054054 0.041237
3 0.951737 0.420103 0.050193 0.046392
3 0.880309 0.420103 0.046332 0.036082
3 0.824324 0.427835 0.050193 0.041237
4 0.646718 0.641753 0.034749 0.314433
4 0.760618 0.603093 0.038610 0.247423
4 0.945946 0.541237 0.030888 0.164948
