1 0.724252 0.500000 0.338870 0.988095
6 0.868771 0.872024 0.056478 0.148810
6 0.395349 0.815476 0.046512 0.142857
6 0.299003 0.699405 0.039867 0.136905
6 0.242525 0.639881 0.039867 0.125000
6 0.189369 0.577381 0.033223 0.083333
6 0.149502 0.538690 0.033223 0.089286
6 0.066445 0.461310 0.033223 0.065476
6 0.114618 0.500000 0.029900 0.071429
6 0.521595 0.648810 0.046512 0.095238
6 0.451827 0.595238 0.033223 0.083333
6 0.360465 0.541667 0.043189 0.071429
6 0.232558 0.458333 0.019934 0.047619
6 0.299003 0.502976 0.026578 0.065476
6 0.656146 0.738095 0.036545 0.119048
4 0.634551 0.470238 0.093023 0.678571
3 0.495017 0.101190 0.172757 0.095238
3 0.676080 0.062500 0.242525 0.101190
3 0.377076 0.122024 0.136213 0.077381
3 0.307309 0.139881 0.109635 0.065476
