6 0.118557 0.727799 0.164948 0.104247
6 0.711340 0.768340 0.123711 0.115830
6 0.324742 0.530888 0.113402 0.081081
6 0.737113 0.534749 0.092784 0.073359
6 0.414948 0.233591 0.036082 0.034749
6 0.360825 0.301158 0.051546 0.038610
6 0.543814 0.295367 0.046392 0.042471
6 0.221649 0.231660 0.041237 0.023166
6 0.041237 0.194981 0.030928 0.027027
4 0.657216 0.509653 0.108247 0.362934
4 0.389175 0.154440 0.046392 0.100386
4 0.077320 0.144788 0.051546 0.073359
3 0.690722 0.258687 0.298969 0.084942
3 0.713918 0.177606 0.139175 0.054054
3 0.564433 0.131274 0.149485 0.038610
3 0.505155 0.110039 0.092784 0.027027
5 0.396907 0.741313 0.360825 0.100386
5 0.518041 0.538610 0.221649 0.057915
5 0.458763 0.303089 0.113402 0.019305
1 0.445876 0.517375 0.819588 0.602317
