6 0.042471 0.847938 0.077220 0.118557
6 0.503861 0.806701 0.073359 0.128866
6 0.320463 0.662371 0.038610 0.087629
6 0.434363 0.592784 0.057915 0.082474
6 0.627413 0.711340 0.065637 0.123711
6 0.600386 0.525773 0.057915 0.072165
6 0.797297 0.600515 0.057915 0.097938
6 0.847490 0.538660 0.042471 0.077320
6 0.664093 0.489691 0.030888 0.072165
3 0.073359 0.291237 0.138996 0.118557
3 0.268340 0.273196 0.158301 0.072165
3 0.648649 0.234536 0.054054 0.036082
3 0.486486 0.239691 0.038610 0.067010
4 0.308880 0.466495 0.038610 0.273196
4 0.065637 0.556701 0.054054 0.371134
4 0.476834 0.417526 0.034749 0.247423
